object={
	name="elephant"
	render_pass=Map
	clamp_to_water_level=yes
	generated_content=no
	layer="unit_layer"
	entity="elephant_entity"
	count=30
	transform="5505.845703 0.000000 1591.507080 0.000000 0.415068 0.000000 -0.909790 0.457417 0.457417 0.457417
5360.718750 0.000000 860.104370 0.000000 -0.505968 0.000000 0.862552 0.457417 0.457417 0.457417
4930.227051 0.000000 1372.724854 0.000000 -0.270970 0.000000 0.962587 0.457417 0.457417 0.457417
5001.774902 0.000000 1090.434448 0.000000 0.524612 0.000000 0.851341 0.457417 0.457417 0.457417
5157.831055 0.000000 925.686707 0.000000 -0.791721 0.000000 0.610882 0.457417 0.457417 0.457417
5149.627930 0.000000 1030.291138 0.000000 0.125717 0.000000 0.992066 0.457417 0.457417 0.457417
5152.039551 0.000000 1244.923584 0.000000 -0.757585 0.000000 0.652736 0.457417 0.457417 0.457417
5318.346680 0.000000 1406.303223 0.000000 0.050833 0.000000 0.998707 0.457417 0.457417 0.457417
5437.743164 0.000000 1602.699463 0.000000 0.929266 0.000000 -0.369410 0.457417 0.457417 0.457417
5323.387695 0.000000 1985.483032 0.000000 0.788236 0.000000 -0.615373 0.457417 0.457417 0.457417
4690.385254 0.000000 2243.493408 0.000000 -0.555945 0.000000 -0.831219 0.457417 0.457417 0.457417
4905.157715 0.000000 2086.866943 0.000000 -0.098981 0.000000 -0.995089 0.457417 0.457417 0.457417
4563.092773 0.000000 1733.780518 0.000000 -0.801446 0.000000 -0.598067 0.457417 0.457417 0.457417
4981.208984 0.000000 1799.516357 0.000000 0.269140 0.000000 -0.963101 0.457417 0.457417 0.457417
5171.827637 0.000000 1624.548218 0.000000 0.683941 0.000000 -0.729537 0.457417 0.457417 0.457417
5493.855957 0.000000 1681.486084 0.000000 -0.562674 0.000000 -0.826679 0.457417 0.457417 0.457417
6066.090332 0.000000 1020.174255 0.000000 0.826769 0.000000 0.562541 0.457417 0.457417 0.457417
6594.515137 0.000000 668.812683 0.000000 -0.632992 0.000000 0.774158 0.457417 0.457417 0.457417
6472.940918 0.000000 978.656921 0.000000 0.467556 0.000000 0.883963 0.457417 0.457417 0.457417
6203.806641 0.000000 1277.439819 0.000000 0.217380 0.000000 0.976087 0.457417 0.457417 0.457417
6392.043457 0.000000 1074.684326 0.000000 0.924920 0.000000 -0.380161 0.457417 0.457417 0.457417
6669.091309 0.000000 1453.191406 -0.000000 -0.032855 0.000000 0.999460 0.457417 0.457417 0.457417
6541.597656 0.000000 1292.922363 0.000000 0.543724 0.000000 -0.839264 0.457417 0.457417 0.457417
6510.272949 0.000000 1600.146240 0.000000 -0.457943 0.000000 -0.888982 0.457417 0.457417 0.457417
7190.419434 0.000000 1208.135986 0.000000 0.204852 0.000000 -0.978792 0.457417 0.457417 0.457417
6238.258789 0.000000 1488.899414 0.000000 0.788198 0.000000 -0.615421 0.457417 0.457417 0.457417
6021.862305 0.000000 1665.029785 0.000000 -0.828487 0.000000 -0.560008 0.457417 0.457417 0.457417
5982.757324 0.000000 1996.529785 0.000000 0.175457 0.000000 -0.984487 0.457417 0.457417 0.457417
5807.790527 0.000000 1765.213867 0.000000 -0.280332 0.000000 -0.959903 0.457417 0.457417 0.457417
5653.609375 0.000000 1900.565430 0.000000 0.617553 0.000000 -0.786529 0.457417 0.457417 0.457417
"}
object={
	name="horse_a_galloping"
	render_pass=Map
	clamp_to_water_level=no
	generated_content=no
	layer="unit_layer"
	entity="unit_horse_01_a_galloping_entity"
	count=8
	transform="4058.062500 0.000000 3057.758057 0.000000 -0.732974 0.000000 -0.680257 1.000000 1.000000 1.000000
3690.852539 0.000000 3358.720703 0.000000 -0.801086 0.000000 0.598549 1.000000 1.000000 1.000000
4082.743652 0.000000 3064.612061 0.000000 -0.771242 0.000000 -0.636543 1.000000 1.000000 1.000000
4576.706543 0.000000 2904.162842 0.000000 -0.000497 0.000000 -1.000000 0.852708 0.852708 0.852708
3277.003906 0.000000 2151.880371 0.000000 0.202030 0.000000 0.979379 0.838010 0.838010 0.838010
4984.949219 0.000000 3020.064209 0.000000 0.678103 0.000000 0.734967 1.000000 1.000000 1.000000
4806.858398 0.000000 3458.137695 0.000000 0.500601 0.000000 0.865678 1.000000 1.000000 1.000000
4803.687500 0.000000 3462.737305 0.000000 0.498220 0.000000 0.867050 1.000000 1.000000 1.000000
"}
object={
	name="horse_a_grazing"
	render_pass=Map
	clamp_to_water_level=no
	generated_content=no
	layer="unit_layer"
	entity="unit_horse_01_a_eating_grass_entity"
	count=20
	transform="4155.869141 0.000000 3186.681641 0.000000 0.013061 0.000000 0.999915 1.000000 1.000000 1.000000
3210.571777 0.000000 2632.537842 0.000000 -0.863180 0.000000 0.504896 1.249683 1.249683 1.249683
3825.768555 0.000000 3050.287598 0.000000 -0.486880 0.000000 0.873469 1.000000 1.000000 1.000000
4326.586426 0.000000 2835.716797 0.000000 -0.888579 0.000000 0.458723 1.000000 1.000000 1.000000
4499.964844 0.000000 3270.277588 0.000000 0.152410 0.000000 -0.988317 1.000000 1.000000 1.000000
4877.414551 0.000000 3189.801270 0.000000 -0.518664 0.000000 0.854978 1.000000 1.000000 1.000000
5001.007812 0.000000 3073.751221 0.000000 0.639359 0.000000 0.768908 1.000000 1.000000 1.000000
4722.751465 0.000000 3422.747070 0.000000 0.461654 0.000000 0.887060 1.000000 1.000000 1.000000
4619.911621 0.000000 3276.222412 0.000000 0.713723 0.000000 0.700428 1.000000 1.000000 1.000000
248.274445 0.000000 4401.932129 0.000000 0.474368 0.000000 0.880327 0.905988 0.905988 0.905988
1819.354370 0.000000 2158.502930 0.000000 0.862487 0.000000 0.506079 1.000000 1.000000 1.000000
3187.651367 0.000000 854.544189 0.000000 -0.495551 0.000000 -0.868579 1.000000 1.000000 1.000000
3156.443848 0.000000 2265.844482 0.000000 -0.988410 0.000000 0.151806 1.000000 1.000000 1.000000
2098.254883 0.000000 3761.120361 0.000000 0.872656 0.000000 -0.488336 1.000000 1.000000 1.000000
5508.893066 0.000000 2138.027588 0.000000 0.466119 0.000000 0.884722 1.000000 1.000000 1.000000
7101.779297 0.000000 2343.860352 0.000000 0.551892 0.000000 0.833915 1.000000 1.000000 1.000000
7078.559082 0.000000 2844.552734 0.000000 -0.335282 0.000000 0.942118 1.000000 1.000000 1.000000
6515.319824 0.000000 2246.404785 0.000000 -0.926397 0.000000 -0.376548 1.000000 1.000000 1.000000
6531.845703 0.000000 2696.278320 0.000000 0.000000 0.000000 1.000000 1.000000 1.000000 1.000000
6298.230957 0.000000 3048.364014 0.000000 0.000000 0.000000 1.000000 1.000000 1.000000 1.000000
"}
object={
	name="horse_b_galloping"
	render_pass=Map
	clamp_to_water_level=no
	generated_content=no
	layer="unit_layer"
	entity="unit_horse_01_b_galloping_entity"
	count=8
	transform="3355.819092 0.000000 2874.025879 0.000000 -0.762585 0.000000 -0.646888 1.186694 1.186694 1.186694
3646.424561 0.000000 3083.278809 0.000000 -0.486880 0.000000 0.873469 1.000000 1.000000 1.000000
4348.363770 0.000000 3286.531006 0.000000 -0.653053 0.000000 0.757312 1.000000 1.000000 1.000000
4576.189941 0.000000 2904.971680 0.000000 -0.059727 0.000000 -0.998214 1.187573 1.187573 1.187573
3280.014404 0.000000 2141.271484 0.000000 0.278290 0.000000 0.960497 0.861792 0.861792 0.861792
5060.740723 0.000000 3157.736328 0.000000 0.832047 0.000000 0.554705 1.000000 1.000000 1.000000
4795.163086 0.000000 3465.491211 0.000000 0.592301 0.000000 0.805717 1.000000 1.000000 1.000000
4345.226074 0.000000 3289.348633 0.000000 -0.596718 0.000000 0.802451 1.000000 1.000000 1.000000
"}
object={
	name="horse_b_grazing"
	render_pass=Map
	clamp_to_water_level=no
	generated_content=no
	layer="unit_layer"
	entity="unit_horse_01_b_eating_grass_entity"
	count=20
	transform="3178.669189 0.000000 3135.255371 0.000000 -0.992890 0.000000 0.119036 1.000000 1.000000 1.000000
3486.685059 0.000000 3235.720215 0.000000 -0.863180 0.000000 0.504896 1.000000 1.000000 1.000000
3833.292969 0.000000 3133.416748 0.000000 -0.524679 0.000000 0.851301 1.000000 1.000000 1.000000
4307.250977 0.000000 3333.216797 0.000000 -0.313646 0.000000 0.949540 1.000000 1.000000 1.000000
4492.831543 0.000000 3255.597900 0.000000 0.644033 0.000000 -0.764997 1.000000 1.000000 1.000000
4838.314453 0.000000 3179.870361 0.000000 0.600336 0.000000 0.799748 1.000000 1.000000 1.000000
5118.948242 0.000000 3167.006836 0.000000 0.832047 0.000000 0.554705 1.000000 1.000000 1.000000
4596.156250 0.000000 3337.366211 0.000000 0.000000 0.000000 1.000000 1.000000 1.000000 1.000000
2481.099365 0.000000 2968.932373 0.000000 0.572255 0.000000 0.820076 0.987402 0.987402 0.987402
1879.696167 0.000000 3877.272949 0.000000 0.523509 0.000000 0.852020 1.000000 1.000000 1.000000
575.728210 0.000000 2258.027588 0.000000 0.382783 0.000000 0.923838 1.000000 1.000000 1.000000
1416.713745 0.000000 2136.015869 0.000000 -0.374389 0.000000 0.927272 1.000000 1.000000 1.000000
2944.595703 0.000000 1868.351196 0.000000 0.889761 0.000000 0.456427 1.000000 1.000000 1.000000
4775.128906 0.000000 2158.695068 -0.000000 0.150542 0.000000 0.988604 1.000000 1.000000 1.000000
3371.286377 0.000000 3452.602539 0.000000 0.004523 0.000000 -0.999990 1.000000 1.000000 1.000000
6326.828613 0.000000 2820.748779 0.000000 0.000000 0.000000 1.000000 1.000000 1.000000 1.000000
6792.255859 0.000000 2530.067627 0.000000 0.000000 0.000000 1.000000 1.000000 1.000000 1.000000
6744.802246 0.000000 2173.848633 0.000000 -0.689104 0.000000 0.724662 1.000000 1.000000 1.000000
6728.143555 0.000000 2726.936768 0.000000 0.945545 0.000000 -0.325491 1.000000 1.000000 1.000000
6176.621582 0.000000 2676.692383 0.000000 0.342098 0.000000 0.939664 1.000000 1.000000 1.000000
"}
object={
	name="horse_c_galloping"
	render_pass=Map
	clamp_to_water_level=no
	generated_content=no
	layer="unit_layer"
	entity="unit_horse_01_c_galloping_entity"
	count=7
	transform="3413.798584 0.000000 3193.008545 0.000000 0.728082 0.000000 0.685490 1.000000 1.000000 1.000000
3653.592529 0.000000 3074.120850 0.000000 -0.482476 0.000000 0.875910 1.000000 1.000000 1.000000
4352.416992 0.000000 3277.043945 0.000000 -0.563009 0.000000 0.826451 1.000000 1.000000 1.000000
4533.151367 0.000000 3366.458984 0.000000 0.109218 0.000000 0.994018 1.000000 1.000000 1.000000
4986.749512 0.000000 3017.423340 0.000000 0.358650 0.000000 0.933472 1.000000 1.000000 1.000000
2937.267090 0.000000 2983.102051 0.000000 0.268368 0.000000 0.963317 1.000000 1.000000 1.000000
4801.112305 0.000000 3462.159912 0.000000 -0.549475 0.000000 -0.835511 1.000000 1.000000 1.000000
"}
object={
	name="horse_c_grazing"
	render_pass=Map
	clamp_to_water_level=no
	generated_content=no
	layer="unit_layer"
	entity="unit_horse_01_c_eating_grass_entity"
	count=20
	transform="3344.393066 0.000000 2979.734619 0.000000 -0.647582 0.000000 0.761995 1.000000 1.000000 1.000000
3820.848145 0.000000 3343.012207 0.000000 -0.139218 0.000000 -0.990262 1.000000 1.000000 1.000000
4147.724121 0.000000 3179.360840 0.000000 -0.828783 0.000000 0.559571 1.000000 1.000000 1.000000
4202.763184 0.000000 3286.358154 0.000000 0.445826 0.000000 0.895119 1.000000 1.000000 1.000000
4428.882812 0.000000 3438.147949 0.000000 0.936376 0.000000 0.350999 1.000000 1.000000 1.000000
5021.168945 0.000000 3046.778076 0.000000 0.310109 0.000000 0.950701 1.000000 1.000000 1.000000
4797.551270 0.000000 3093.817871 0.000000 0.592055 0.000000 0.805898 1.000000 1.000000 1.000000
4575.674316 0.000000 3284.939697 0.000000 0.795475 0.000000 -0.605987 1.000000 1.000000 1.000000
4334.244629 0.000000 3373.256348 0.000000 0.269161 0.000000 0.963095 0.955737 0.955737 0.955737
1836.946289 0.000000 3831.277344 0.000000 -0.266805 0.000000 0.963750 1.000000 1.000000 1.000000
1444.842041 0.000000 3168.318604 0.000000 -0.593498 0.000000 -0.804836 0.932861 0.932861 0.932861
611.913208 0.000000 625.363464 0.000000 0.642609 0.000000 -0.766194 1.000000 1.000000 1.000000
3147.997314 0.000000 2273.010498 0.000000 0.683254 0.000000 -0.730181 1.000000 1.000000 1.000000
4786.175781 0.000000 2152.048828 0.000000 0.672536 0.000000 -0.740064 1.000000 1.000000 1.000000
3385.585205 0.000000 3451.970703 0.000000 0.153592 0.000000 0.988134 1.000000 1.000000 1.000000
1044.543945 0.000000 2851.231934 -0.000000 -0.506187 0.000000 0.862424 1.000000 1.000000 1.000000
5982.286621 0.000000 2414.307617 0.000000 0.950209 0.000000 -0.311612 1.000000 1.000000 1.000000
6456.105469 0.000000 2784.971680 0.000000 0.972936 0.000000 -0.231074 1.000000 1.000000 1.000000
6745.673340 0.000000 2977.030029 0.000000 -0.883778 0.000000 0.467906 1.000000 1.000000 1.000000
6482.078125 0.000000 2441.504883 0.000000 0.509126 0.000000 0.860692 1.000000 1.000000 1.000000
"}
object={
	name="horse_d_galloping"
	render_pass=Map
	clamp_to_water_level=no
	generated_content=no
	layer="unit_layer"
	entity="unit_horse_01_d_galloping_entity"
	count=8
	transform="3357.543701 0.000000 2865.913574 0.000000 -0.728871 0.000000 -0.684651 0.796411 0.796411 0.796411
4065.476074 0.000000 3057.957031 0.000000 -0.633043 0.000000 -0.774117 1.000000 1.000000 1.000000
4062.522461 0.000000 3063.920410 0.000000 -0.688988 0.000000 -0.724772 1.000000 1.000000 1.000000
4529.948242 0.000000 3364.463379 0.000000 0.080662 0.000000 0.996741 0.934229 0.934229 0.934229
4990.864258 0.000000 3022.186768 0.000000 0.763296 0.000000 -0.646049 1.000000 1.000000 1.000000
3275.607910 0.000000 2151.802246 0.000000 0.374380 0.000000 0.927275 1.227317 1.227317 1.227317
4804.420410 0.000000 3458.327393 0.000000 0.502501 0.000000 0.864577 1.000000 1.000000 1.000000
6863.989746 0.000000 2548.935791 0.000000 0.000000 0.000000 1.000000 0.673118 0.673118 0.673118
"}
object={
	name="horse_d_grazing"
	render_pass=Map
	clamp_to_water_level=no
	generated_content=no
	layer="unit_layer"
	entity="unit_horse_01_d_eating_grass_entity"
	count=20
	transform="3341.006104 0.000000 2957.860107 0.000000 -0.863180 0.000000 0.504896 1.000000 1.000000 1.000000
3804.061768 0.000000 3048.865479 0.000000 0.376389 0.000000 0.926462 1.000000 1.000000 1.000000
4299.582520 0.000000 3293.575684 0.000000 0.484132 0.000000 0.874995 1.000000 1.000000 1.000000
4394.554688 0.000000 3215.489990 0.000000 -0.451834 0.000000 -0.892102 1.000000 1.000000 1.000000
4458.067871 0.000000 3489.096924 0.000000 0.464683 0.000000 0.885477 1.000000 1.000000 1.000000
5029.459473 0.000000 3065.334473 0.000000 0.795549 0.000000 -0.605889 1.000000 1.000000 1.000000
4851.871582 0.000000 3154.865967 0.000000 0.137865 0.000000 0.990451 1.000000 1.000000 1.000000
4635.115723 0.000000 3305.895020 0.000000 -0.299995 0.000000 0.953941 1.000000 1.000000 1.000000
4234.382812 0.000000 3541.669678 0.000000 0.000000 0.000000 1.000000 1.000000 1.000000 1.000000
786.274963 0.000000 3661.769287 0.000000 -0.393667 0.000000 0.919253 0.966333 0.966333 0.966333
1703.312622 0.000000 2505.460693 0.000000 0.979287 0.000000 -0.202476 0.796948 0.796948 0.796948
3177.648926 0.000000 859.520447 0.000000 0.735320 0.000000 -0.677720 1.000000 1.000000 1.000000
3158.595459 0.000000 2274.307617 0.000000 0.851149 0.000000 -0.524924 1.000000 1.000000 1.000000
4776.887207 0.000000 2145.545654 0.000000 0.873847 0.000000 -0.486201 1.000000 1.000000 1.000000
3377.200439 0.000000 3444.520020 0.000000 -0.923451 0.000000 -0.383718 1.000000 1.000000 1.000000
1037.037720 0.000000 2849.007324 0.000000 0.466174 0.000000 0.884693 0.779468 0.779468 0.779468
5768.085449 0.000000 2450.900879 0.000000 0.000000 0.000000 1.000000 1.000000 1.000000 1.000000
6912.401367 0.000000 2299.535645 0.000000 0.000000 0.000000 1.000000 1.000000 1.000000 1.000000
6992.886719 0.000000 2675.750244 0.000000 0.881418 0.000000 -0.472336 1.000000 1.000000 1.000000
6521.212402 0.000000 2059.335693 0.000000 0.808567 0.000000 -0.588404 1.000000 1.000000 1.000000
"}
object={
	name="sheep_type_1"
	render_pass=Map
	clamp_to_water_level=no
	generated_content=no
	layer="unit_layer"
	entity="map_mpo_sheep_male_01_entity"
	count=46
	transform="2530.110596 0.000000 3073.659424 0.000000 -0.702491 0.000000 0.711693 1.000000 1.000000 1.000000
2515.272217 0.000000 3064.708496 0.000000 -0.435447 0.000000 -0.900214 1.000000 1.000000 1.000000
2770.864990 0.000000 3251.512695 0.000000 -0.420671 0.000000 -0.907213 1.000000 1.000000 1.000000
3162.258301 0.000000 3223.999268 0.000000 0.977652 0.000000 0.210230 1.000000 1.000000 1.000000
3498.222656 0.000000 3282.254150 0.000000 -0.401062 0.000000 0.916051 1.000000 1.000000 1.000000
3786.532471 0.000000 3152.051270 0.000000 -0.666939 0.000000 -0.745112 1.000000 1.000000 1.000000
3774.115967 0.000000 3149.144531 0.000000 0.344697 0.000000 -0.938714 1.000000 1.000000 1.000000
4105.109375 0.000000 3122.665527 0.000000 -0.922164 0.000000 -0.386800 1.000000 1.000000 1.000000
4120.477539 0.000000 3117.168701 -0.000000 -0.162379 0.000000 0.986728 1.000000 1.000000 1.000000
4055.594971 0.000000 3279.675781 0.000000 0.407447 0.000000 -0.913229 1.000000 1.000000 1.000000
4085.730957 0.000000 3409.555664 0.000000 -0.801305 0.000000 -0.598256 1.000000 1.000000 1.000000
4316.022949 0.000000 3420.849854 0.000000 -0.999866 0.000000 -0.016332 1.000000 1.000000 1.000000
4300.388184 0.000000 3450.307373 0.000000 0.919301 0.000000 0.393556 1.000000 1.000000 1.000000
4538.037598 0.000000 3266.394287 0.000000 -0.692672 0.000000 0.721252 1.000000 1.000000 1.000000
4969.918457 0.000000 3250.639893 0.000000 -0.990453 0.000000 0.137851 1.000000 1.000000 1.000000
4990.689453 0.000000 3234.053223 0.000000 0.950919 0.000000 0.309440 1.000000 1.000000 1.000000
4936.162598 0.000000 3110.416260 0.000000 0.986018 0.000000 -0.166639 1.000000 1.000000 1.000000
5164.932617 0.000000 3157.307861 0.000000 0.551765 0.000000 -0.834000 1.100024 1.100024 1.100024
3815.611816 0.000000 3378.419922 0.000000 0.997063 0.000000 0.076587 1.000000 1.000000 1.000000
3234.053223 0.000000 3075.279785 0.000000 0.725913 0.000000 -0.687787 1.000000 1.000000 1.000000
3111.819092 0.000000 3021.746094 0.000000 -0.861027 0.000000 0.508560 1.070410 1.070410 1.070410
3120.605713 0.000000 3005.976318 0.000000 0.707073 0.000000 -0.707142 0.885840 0.885840 0.885840
2889.125000 0.000000 3126.911377 0.000000 -0.798736 0.000000 0.601681 1.000000 1.000000 1.000000
2646.129150 0.000000 2923.389404 0.000000 -0.508922 0.000000 -0.860813 1.000000 1.000000 1.000000
297.692383 0.000000 4342.180176 0.000000 -0.265957 0.000000 -0.963985 1.000000 1.000000 1.000000
1671.702637 0.000000 3629.247314 0.000000 -0.403898 0.000000 0.914804 1.000000 1.000000 1.000000
1922.296387 0.000000 3714.572998 0.000000 0.304069 0.000000 0.952650 1.000000 1.000000 1.000000
2160.068359 0.000000 3897.828857 0.000000 0.908849 0.000000 0.417126 1.000000 1.000000 1.000000
883.279297 0.000000 3445.652832 0.000000 -0.844548 0.000000 -0.535480 1.000000 1.000000 1.000000
785.415466 0.000000 2391.897461 0.000000 -0.933607 0.000000 0.358299 1.000000 1.000000 1.000000
1475.610474 0.000000 3333.996338 0.000000 0.544032 -0.000000 -0.839065 1.000000 1.000000 1.000000
1506.679810 0.000000 2783.018555 0.000000 0.986325 0.000000 0.164815 1.000000 1.000000 1.000000
1877.126221 0.000000 2441.629150 0.000000 0.820622 0.000000 0.571471 1.000000 1.000000 1.000000
1021.507751 0.000000 625.330811 -0.000000 0.242939 0.000000 0.970042 1.000000 1.000000 1.000000
3075.217041 0.000000 2059.426758 0.000000 0.993588 0.000000 -0.113061 1.000000 1.000000 1.000000
3653.641113 0.000000 2158.282471 0.000000 -0.134459 0.000000 0.990919 1.000000 1.000000 1.000000
2635.660645 0.000000 3723.660400 0.000000 -0.011916 0.000000 -0.999929 1.000000 1.000000 1.000000
2366.156250 0.000000 3702.065674 -0.000000 -0.685526 0.000000 0.728048 1.000000 1.000000 1.000000
5940.896484 0.000000 2285.371094 0.000000 -0.120555 0.000000 0.992707 1.000000 1.000000 1.000000
5935.108887 0.000000 2292.146729 0.000000 0.000000 0.000000 1.000000 1.000000 1.000000 1.000000
6501.529297 0.000000 2863.424316 0.000000 0.000000 0.000000 1.000000 1.000000 1.000000 1.000000
6507.399902 0.000000 2883.841064 0.000000 -0.450204 0.000000 0.892926 1.000000 1.000000 1.000000
6887.524414 0.000000 2537.163574 0.000000 0.000000 0.000000 1.000000 1.000000 1.000000 1.000000
6898.758789 0.000000 2533.762207 0.000000 -0.699589 0.000000 0.714545 1.000000 1.000000 1.000000
6152.491699 0.000000 3146.689697 0.000000 -0.792511 0.000000 -0.609857 1.000000 1.000000 1.000000
6795.771973 0.000000 3280.938232 0.000000 0.000000 0.000000 1.000000 1.000000 1.000000 1.000000
"}
object={
	name="sheep_type_2"
	render_pass=Map
	clamp_to_water_level=no
	generated_content=no
	layer="unit_layer"
	entity="map_mpo_sheep_male_02_entity"
	count=47
	transform="2536.108154 0.000000 3073.426758 0.000000 0.922891 0.000000 -0.385063 1.000000 1.000000 1.000000
2899.250244 0.000000 3342.997070 0.000000 0.504316 0.000000 -0.863519 1.000000 1.000000 1.000000
3025.247314 0.000000 3177.921631 0.000000 0.997754 0.000000 0.066986 1.000000 1.000000 1.000000
3039.794922 0.000000 3172.005615 0.000000 -0.604593 0.000000 0.796534 1.000000 1.000000 1.000000
3138.420898 0.000000 3224.297607 0.000000 -0.279719 0.000000 -0.960082 1.128247 1.128247 1.128247
3521.431152 0.000000 3285.938477 0.000000 0.732464 0.000000 -0.680805 1.000000 1.000000 1.000000
3521.479736 0.000000 3296.512939 0.000000 -0.966379 0.000000 -0.257121 1.000000 1.000000 1.000000
3605.903320 0.000000 3137.746826 0.000000 -0.653885 0.000000 0.756594 1.000000 1.000000 1.000000
4145.952637 0.000000 3118.775879 0.000000 -0.342097 0.000000 -0.939665 1.000000 1.000000 1.000000
4130.547363 0.000000 3137.730713 0.000000 -0.978512 0.000000 -0.206192 1.000000 1.000000 1.000000
4083.056152 0.000000 3431.265869 0.000000 -0.081668 0.000000 -0.996660 1.000000 1.000000 1.000000
4293.019531 0.000000 3433.875977 0.000000 0.931777 0.000000 0.363031 1.000000 1.000000 1.000000
4323.061035 0.000000 3422.571045 0.000000 0.107958 0.000000 -0.994156 1.000000 1.000000 1.000000
4354.309570 0.000000 3219.285156 0.000000 -0.997658 0.000000 -0.068398 1.000000 1.000000 1.000000
4538.198730 0.000000 3257.605469 -0.000000 -0.058418 0.000000 0.998292 1.000000 1.000000 1.000000
4794.408691 0.000000 3554.724121 0.000000 -0.975326 0.000000 0.220770 1.000000 1.000000 1.000000
5170.058105 0.000000 3156.444580 0.000000 0.775799 0.000000 0.630980 1.000000 1.000000 1.000000
3787.277588 0.000000 3363.667480 -0.000000 0.847209 0.000000 0.531259 1.000000 1.000000 1.000000
3304.608887 0.000000 3245.135498 0.000000 0.971691 0.000000 -0.236253 1.000000 1.000000 1.000000
3127.262207 0.000000 3008.668457 0.000000 0.379210 0.000000 0.925311 1.000000 1.000000 1.000000
2879.561523 0.000000 3124.240234 0.000000 -0.302648 0.000000 -0.953102 1.000000 1.000000 1.000000
2882.363281 0.000000 3114.840576 0.000000 0.999760 0.000000 0.021918 1.000000 1.000000 1.000000
2628.534424 0.000000 2419.244385 0.000000 -0.370167 0.000000 0.928965 1.000000 1.000000 1.000000
1814.795776 0.000000 3824.879150 0.000000 0.804987 0.000000 -0.593293 1.000000 1.000000 1.000000
1912.614136 0.000000 3666.119873 0.000000 0.879181 0.000000 -0.476488 1.000000 1.000000 1.000000
1481.366821 0.000000 3572.002197 0.000000 0.658165 0.000000 -0.752874 1.000000 1.000000 1.000000
728.887085 0.000000 3584.254150 0.000000 0.337285 0.000000 0.941403 1.000000 1.000000 1.000000
823.350952 0.000000 3367.255371 0.000000 0.895671 0.000000 0.444718 1.000000 1.000000 1.000000
572.517456 0.000000 3403.191650 0.000000 0.216324 0.000000 0.976322 1.000000 1.000000 1.000000
507.028870 0.000000 2328.956787 0.000000 -0.490051 0.000000 0.871694 1.000000 1.000000 1.000000
1225.384888 0.000000 2972.250000 0.000000 -0.847527 0.000000 0.530753 1.000000 1.000000 1.000000
774.062256 0.000000 2046.825195 0.000000 0.309624 0.000000 -0.950859 1.000000 1.000000 1.000000
3039.770508 0.000000 1028.391968 0.000000 -0.333570 0.000000 -0.942725 1.000000 1.000000 1.000000
3282.942139 0.000000 2207.744385 0.000000 -0.458480 0.000000 0.888705 1.000000 1.000000 1.000000
4246.027344 0.000000 2429.617676 0.000000 -0.668154 0.000000 0.744023 1.000000 1.000000 1.000000
5305.826172 0.000000 1606.551880 -0.000000 0.041005 0.000000 0.999159 1.000000 1.000000 1.000000
5668.653320 0.000000 3323.009033 0.000000 0.998056 0.000000 0.062322 1.000000 1.000000 1.000000
2129.678467 0.000000 3794.885498 0.000000 0.429139 0.000000 -0.903238 1.000000 1.000000 1.000000
5933.752930 0.000000 2286.258301 0.000000 -0.795349 0.000000 0.606152 1.000000 1.000000 1.000000
5946.419922 0.000000 2288.177734 0.000000 -0.261754 0.000000 -0.965135 1.000000 1.000000 1.000000
5937.915527 0.000000 2299.131104 0.000000 0.590455 0.000000 0.807071 1.000000 1.000000 1.000000
5944.944336 0.000000 2298.455322 0.000000 0.999213 0.000000 0.039661 1.000000 1.000000 1.000000
6503.761230 0.000000 2855.656006 0.000000 0.000000 0.000000 1.000000 1.000000 1.000000 1.000000
6517.668457 0.000000 2864.841064 0.000000 -0.950898 0.000000 0.309504 1.000000 1.000000 1.000000
6496.676270 0.000000 2870.907227 0.000000 -0.275177 0.000000 -0.961393 1.000000 1.000000 1.000000
6140.745117 0.000000 3156.419434 0.000000 0.000000 0.000000 1.000000 1.000000 1.000000 1.000000
6766.666504 0.000000 3314.371338 0.000000 0.839475 0.000000 -0.543398 1.000000 1.000000 1.000000
"}
object={
	name="sheep_type_3"
	render_pass=Map
	clamp_to_water_level=no
	generated_content=no
	layer="unit_layer"
	entity="map_mpo_sheep_female_01_entity"
	count=149
	transform="2519.328369 0.000000 3078.270508 0.000000 0.341229 0.000000 0.939980 1.000000 1.000000 1.000000
2525.286621 0.000000 3064.351807 0.000000 -0.964633 0.000000 -0.263598 1.000000 1.000000 1.000000
2531.675293 0.000000 3068.292969 0.000000 -0.874152 0.000000 -0.485653 1.000000 1.000000 1.000000
2530.001465 0.000000 3070.688721 0.000000 0.985290 0.000000 -0.170891 1.000000 1.000000 1.000000
2509.451660 0.000000 3063.181641 0.000000 -0.156956 0.000000 0.987606 1.000000 1.000000 1.000000
2519.665771 0.000000 3052.033447 -0.000000 -0.895936 0.000000 0.444184 1.000000 1.000000 1.000000
2786.208252 0.000000 3258.678955 0.000000 -0.999349 0.000000 0.036081 1.000000 1.000000 1.000000
2783.209229 0.000000 3244.213867 0.000000 -0.762334 0.000000 0.647184 1.000000 1.000000 1.000000
2774.468018 0.000000 3246.638916 0.000000 -0.197088 0.000000 0.980386 1.000000 1.000000 1.000000
2779.104736 0.000000 3252.074219 0.000000 0.972987 0.000000 -0.230858 1.000000 1.000000 1.000000
2775.953857 0.000000 3239.693359 0.000000 0.055962 0.000000 -0.998433 1.000000 1.000000 1.000000
2902.534668 0.000000 3353.442871 0.000000 -0.994450 0.000000 -0.105210 1.000000 1.000000 1.000000
2910.103516 0.000000 3339.889404 0.000000 -0.250238 0.000000 -0.968184 1.000000 1.000000 1.000000
2914.947998 0.000000 3330.294922 0.000000 -0.875691 0.000000 0.482872 1.000000 1.000000 1.000000
2909.741455 0.000000 3324.672607 0.000000 0.805118 0.000000 0.593115 1.000000 1.000000 1.000000
3034.207764 0.000000 3171.729248 0.000000 0.788484 0.000000 -0.615055 1.000000 1.000000 1.000000
3036.121826 0.000000 3186.742920 -0.000000 0.539012 0.000000 0.842298 1.000000 1.000000 1.000000
3518.043701 0.000000 3283.044678 0.000000 0.190267 0.000000 0.981732 1.000000 1.000000 1.000000
3507.385010 0.000000 3289.877441 0.000000 0.627951 0.000000 -0.778253 1.000000 1.000000 1.000000
3489.044434 0.000000 3288.902588 0.000000 0.262150 0.000000 -0.965027 1.000000 1.000000 1.000000
3613.147705 0.000000 3133.581299 0.000000 -0.008927 0.000000 -0.999960 1.000000 1.000000 1.000000
3778.697510 0.000000 3148.972412 0.000000 -0.124592 0.000000 -0.992208 1.180981 1.180981 1.180981
3795.360596 0.000000 3137.924316 0.000000 -0.993908 0.000000 -0.110214 1.000000 1.000000 1.000000
3787.173340 0.000000 3146.998535 0.000000 0.321799 0.000000 0.946808 1.000000 1.000000 1.000000
3783.292480 0.000000 3140.311279 0.000000 -0.610285 0.000000 0.792182 1.000000 1.000000 1.000000
3776.708008 0.000000 3141.049561 0.000000 -0.104618 0.000000 -0.994513 1.180981 1.180981 1.180981
3943.806641 0.000000 3128.978271 0.000000 -0.905243 0.000000 0.424895 1.000000 1.000000 1.000000
3947.475098 0.000000 3140.594971 0.000000 0.140470 0.000000 -0.990085 1.000000 1.000000 1.000000
3948.085205 0.000000 3134.739014 0.000000 -0.995990 0.000000 -0.089463 1.000000 1.000000 1.000000
3971.343506 0.000000 3168.219482 0.000000 0.717607 0.000000 -0.696448 1.000000 1.000000 1.000000
4138.833496 0.000000 3108.824707 0.000000 0.580854 0.000000 -0.814007 1.000000 1.000000 1.000000
4158.979004 0.000000 3103.898438 0.000000 -0.773130 -0.000000 -0.634247 1.000000 1.000000 1.000000
4138.736816 0.000000 3120.613770 0.000000 -0.993745 0.000000 -0.111669 1.000000 1.000000 1.000000
4122.939941 0.000000 3143.578125 0.000000 0.647642 0.000000 -0.761944 1.000000 1.000000 1.000000
4098.202637 0.000000 3125.559082 0.000000 -0.925274 0.000000 0.379299 1.000000 1.000000 1.000000
4090.245850 0.000000 3118.659668 0.000000 -0.308220 0.000000 0.951315 1.000000 1.000000 1.000000
4117.729492 0.000000 3117.987549 0.000000 -0.916101 0.000000 0.400949 1.000000 1.000000 1.000000
4119.874023 0.000000 3142.408691 0.000000 -0.865406 0.000000 0.501072 1.000000 1.000000 1.000000
4045.762451 0.000000 3272.745605 0.000000 0.407580 0.000000 0.913170 1.000000 1.000000 1.000000
4059.504395 0.000000 3272.767822 0.000000 0.939282 0.000000 0.343147 1.000000 1.000000 1.000000
4079.942139 0.000000 3406.959229 0.000000 -0.425713 0.000000 -0.904858 1.000000 1.000000 1.000000
4098.549316 0.000000 3406.518799 0.000000 -0.946090 0.000000 -0.323905 1.000000 1.000000 1.000000
4079.832275 0.000000 3423.201904 0.000000 -0.760572 -0.000000 -0.649254 1.000000 1.000000 1.000000
4088.402344 0.000000 3435.389404 0.000000 0.122893 0.000000 -0.992420 1.000000 1.000000 1.000000
4295.260742 0.000000 3435.261963 0.000000 -0.752973 0.000000 0.658051 1.000000 1.000000 1.000000
4311.138184 0.000000 3448.335205 0.000000 -0.985821 0.000000 -0.167802 1.000000 1.000000 1.000000
4311.461914 0.000000 3432.141846 0.000000 -0.580418 0.000000 -0.814319 1.000000 1.000000 1.000000
4298.172363 0.000000 3420.219727 0.000000 -0.286072 -0.000000 -0.958208 1.000000 1.000000 1.000000
4303.795410 0.000000 3434.157959 0.000000 -0.445767 0.000000 -0.895149 1.000000 1.000000 1.000000
4528.238281 0.000000 3249.003418 0.000000 -0.185827 0.000000 0.982582 1.000000 1.000000 1.000000
4519.791504 0.000000 3259.127441 0.000000 0.890433 0.000000 -0.455114 1.000000 1.000000 1.000000
4808.021484 0.000000 3553.816162 0.000000 -0.939618 0.000000 -0.342225 1.000000 1.000000 1.000000
4957.479980 0.000000 3244.902832 -0.000000 0.446001 0.000000 0.895033 1.000000 1.000000 1.000000
4971.219727 0.000000 3226.154053 0.000000 -0.153616 0.000000 0.988131 1.000000 1.000000 1.000000
4981.874512 0.000000 3253.181641 0.000000 -0.169454 0.000000 0.985538 1.000000 1.000000 1.000000
4979.375977 0.000000 3241.389893 0.000000 0.632876 0.000000 -0.774253 1.000000 1.000000 1.000000
5001.281250 0.000000 3255.595947 0.000000 0.209372 0.000000 0.977836 1.000000 1.000000 1.000000
4943.145508 0.000000 3247.688721 0.000000 -0.959944 0.000000 -0.280191 1.000000 1.000000 1.000000
4946.364258 0.000000 3104.539795 0.000000 0.247535 0.000000 0.968879 1.000000 1.000000 1.000000
4928.804199 0.000000 3110.094482 0.000000 0.953479 0.000000 0.301458 1.000000 1.000000 1.000000
5175.435059 0.000000 3160.207764 0.000000 0.999821 0.000000 0.018933 1.100024 1.100024 1.100024
5162.834961 0.000000 3177.638184 0.000000 0.289935 0.000000 -0.957047 1.100024 1.100024 1.100024
3832.073730 0.000000 3383.754639 0.000000 0.555016 0.000000 0.831839 1.000000 1.000000 1.000000
3841.200684 0.000000 3370.101074 0.000000 0.985198 0.000000 0.171420 1.000000 1.000000 1.000000
3780.302979 0.000000 3380.628906 0.000000 0.323242 -0.000000 -0.946316 1.000000 1.000000 1.000000
3790.618408 0.000000 3350.185059 0.000000 -0.070677 -0.000000 -0.997499 1.000000 1.000000 1.000000
3810.870117 0.000000 3367.622559 0.000000 -0.598053 0.000000 0.801456 1.000000 1.000000 1.000000
3764.131836 0.000000 3367.956299 0.000000 0.649783 0.000000 0.760119 1.000000 1.000000 1.000000
3298.651123 0.000000 3238.788330 0.000000 -0.135525 0.000000 0.990774 1.000000 1.000000 1.000000
3310.866211 0.000000 3237.747559 0.000000 0.959136 0.000000 0.282946 1.000000 1.000000 1.000000
3309.880127 0.000000 3240.260254 -0.000000 -0.925162 0.000000 0.379573 1.000000 1.000000 1.000000
3236.794678 0.000000 3068.797852 0.000000 -0.323595 0.000000 0.946196 1.000000 1.000000 1.000000
3129.696533 0.000000 3029.720459 0.000000 -0.942202 0.000000 0.335045 1.000000 1.000000 1.000000
3114.048584 0.000000 3009.454102 0.000000 0.924585 0.000000 -0.380975 1.000000 1.000000 1.000000
3116.014648 0.000000 3016.264648 0.000000 0.018492 0.000000 0.999829 0.885840 0.885840 0.885840
3101.776367 0.000000 3027.643555 0.000000 0.955241 0.000000 -0.295829 1.000000 1.000000 1.000000
3107.483398 0.000000 3005.594238 0.000000 0.999166 0.000000 -0.040829 1.000000 1.000000 1.000000
3121.223145 0.000000 3023.036377 0.000000 -0.999906 0.000000 0.013748 1.070410 1.070410 1.070410
3121.324463 0.000000 3004.146484 0.000000 0.809945 0.000000 0.586507 1.000000 1.000000 1.000000
3102.852539 0.000000 3018.634033 0.000000 -0.439559 0.000000 0.898214 1.000000 1.000000 1.000000
3123.756592 0.000000 3015.680908 0.000000 0.945125 0.000000 -0.326710 0.885840 0.885840 0.885840
2869.211670 0.000000 3121.264648 0.000000 -0.945000 0.000000 0.327070 1.000000 1.000000 1.000000
2887.982178 0.000000 3102.962402 0.000000 0.814935 0.000000 -0.579553 1.000000 1.000000 1.000000
2898.500000 0.000000 3122.954834 0.000000 -0.657600 0.000000 -0.753367 1.000000 1.000000 1.000000
2892.544922 0.000000 3121.489258 0.000000 0.873491 0.000000 0.486840 1.000000 1.000000 1.000000
2636.254395 0.000000 2931.436523 0.000000 -0.402121 0.000000 -0.915586 1.000000 1.000000 1.000000
2649.797607 0.000000 2929.364990 0.000000 0.999260 0.000000 -0.038471 1.000000 1.000000 1.000000
2644.800293 0.000000 2935.395020 0.000000 -0.761390 0.000000 0.648294 1.000000 1.000000 1.000000
305.310669 0.000000 4345.718750 -0.000000 0.401278 0.000000 0.915956 1.000000 1.000000 1.000000
303.701904 0.000000 4341.655273 0.000000 -0.012908 0.000000 0.999917 1.000000 1.000000 1.000000
1817.769165 0.000000 3826.547119 0.000000 -0.734120 0.000000 -0.679020 1.000000 1.000000 1.000000
1821.816650 0.000000 3830.105713 0.000000 -0.333872 0.000000 0.942619 1.000000 1.000000 1.000000
1677.200439 0.000000 3623.284424 0.000000 0.703669 0.000000 -0.710528 1.000000 1.000000 1.000000
1669.640015 0.000000 3625.198242 0.000000 0.602910 0.000000 -0.797809 1.000000 1.000000 1.000000
1911.987549 0.000000 3671.763184 0.000000 0.536504 0.000000 0.843898 1.000000 1.000000 1.000000
1911.062256 0.000000 3663.347412 0.000000 -0.675271 0.000000 0.737569 1.000000 1.000000 1.000000
1926.817993 0.000000 3710.435547 0.000000 0.183758 -0.000000 -0.982971 1.000000 1.000000 1.000000
2167.535645 0.000000 3897.293213 0.000000 0.222074 0.000000 -0.975030 1.000000 1.000000 1.000000
1476.550171 0.000000 3572.598633 0.000000 -0.859181 0.000000 -0.511672 1.000000 1.000000 1.000000
734.222900 0.000000 3581.183350 0.000000 -0.773136 0.000000 -0.634240 1.000000 1.000000 1.000000
726.067261 0.000000 3580.415039 0.000000 -0.781568 0.000000 0.623820 1.000000 1.000000 1.000000
820.999939 0.000000 3364.219482 0.000000 0.991881 0.000000 0.127172 1.000000 1.000000 1.000000
818.802063 0.000000 3369.509766 0.000000 0.037282 0.000000 -0.999305 1.000000 1.000000 1.000000
828.798584 0.000000 3371.179932 0.000000 0.999683 0.000000 0.025176 1.000000 1.000000 1.000000
883.273621 0.000000 3439.834473 0.000000 -0.999285 0.000000 -0.037807 1.000000 1.000000 1.000000
573.544556 0.000000 3399.256592 0.000000 -0.188824 0.000000 0.982011 1.000000 1.000000 1.000000
793.195312 0.000000 2391.004883 -0.000000 0.218593 0.000000 0.975816 1.000000 1.000000 1.000000
786.599365 0.000000 2386.560791 -0.000000 0.293588 0.000000 0.955932 1.000000 1.000000 1.000000
514.010986 0.000000 2325.136719 0.000000 -0.936996 -0.000000 -0.349340 1.000000 1.000000 1.000000
502.278656 0.000000 2331.698975 0.000000 -0.538392 0.000000 -0.842694 1.000000 1.000000 1.000000
1483.734497 0.000000 3341.131104 0.000000 -0.974496 0.000000 -0.224404 1.000000 1.000000 1.000000
1483.693481 0.000000 3334.333496 -0.000000 -0.230986 0.000000 0.972957 1.000000 1.000000 1.000000
1235.732910 0.000000 2973.181396 0.000000 -0.990610 0.000000 -0.136721 1.000000 1.000000 1.000000
1241.019531 0.000000 2965.221436 0.000000 -0.672971 0.000000 -0.739669 1.000000 1.000000 1.000000
1228.544434 0.000000 2965.948975 0.000000 0.874276 0.000000 -0.485429 1.000000 1.000000 1.000000
1516.574097 0.000000 2779.990479 0.000000 0.633954 0.000000 0.773370 1.000000 1.000000 1.000000
1510.857422 0.000000 2776.812012 0.000000 -0.211958 0.000000 -0.977279 1.000000 1.000000 1.000000
1507.473511 0.000000 2775.075928 0.000000 0.654618 0.000000 -0.755960 1.000000 1.000000 1.000000
1883.911133 0.000000 2433.985596 0.000000 0.829558 0.000000 -0.558420 1.000000 1.000000 1.000000
1888.389893 0.000000 2437.326416 0.000000 0.236889 0.000000 -0.971537 1.000000 1.000000 1.000000
778.241882 0.000000 2052.640381 0.000000 0.748027 0.000000 0.663669 1.000000 1.000000 1.000000
778.267334 0.000000 2043.826660 0.000000 0.665658 0.000000 -0.746257 1.000000 1.000000 1.000000
1026.250977 0.000000 627.046997 0.000000 -0.999763 0.000000 0.021772 1.000000 1.000000 1.000000
1030.467285 0.000000 625.813171 0.000000 -0.983597 0.000000 0.180378 1.000000 1.000000 1.000000
3050.900146 0.000000 1025.605957 0.000000 -0.692661 0.000000 0.721263 1.000000 1.000000 1.000000
3054.306152 0.000000 1029.703613 0.000000 0.658036 0.000000 -0.752986 1.000000 1.000000 1.000000
3082.236572 0.000000 2062.727783 0.000000 0.789840 0.000000 0.613313 1.000000 1.000000 1.000000
3081.028564 0.000000 2056.411133 0.000000 0.769332 0.000000 -0.638849 1.000000 1.000000 1.000000
3287.032227 0.000000 2205.177002 0.000000 -0.854835 0.000000 -0.518900 1.000000 1.000000 1.000000
3283.145752 0.000000 2213.967529 0.000000 0.109765 0.000000 -0.993958 1.000000 1.000000 1.000000
3289.733398 0.000000 2207.035156 0.000000 0.962733 0.000000 -0.270454 1.000000 1.000000 1.000000
3655.904541 0.000000 2152.180664 0.000000 0.199937 0.000000 0.979809 1.000000 1.000000 1.000000
3646.294189 0.000000 2159.056885 0.000000 -0.999972 0.000000 0.007433 1.000000 1.000000 1.000000
4255.011719 0.000000 2429.010254 0.000000 -0.384905 0.000000 0.922956 1.000000 1.000000 1.000000
4250.980957 0.000000 2434.138184 0.000000 0.813578 0.000000 -0.581455 1.000000 1.000000 1.000000
4240.202637 0.000000 2431.930664 0.000000 -0.971360 0.000000 -0.237614 1.000000 1.000000 1.000000
5305.606445 0.000000 1614.165283 0.000000 0.617226 -0.000000 -0.786786 1.000000 1.000000 1.000000
5314.758301 0.000000 1604.248169 0.000000 -0.970272 0.000000 -0.242018 1.000000 1.000000 1.000000
2639.863281 0.000000 3731.596436 0.000000 0.969674 0.000000 0.244402 1.000000 1.000000 1.000000
2361.910156 0.000000 3705.315430 0.000000 0.997280 0.000000 0.073700 1.000000 1.000000 1.000000
2368.843506 0.000000 3705.186035 0.000000 -0.410190 0.000000 -0.912000 1.000000 1.000000 1.000000
2365.833740 0.000000 3696.304688 0.000000 0.716425 -0.000000 -0.697664 1.000000 1.000000 1.000000
2132.470215 0.000000 3791.135254 0.000000 -0.548232 0.000000 -0.836326 1.000000 1.000000 1.000000
2136.133545 0.000000 3793.304932 0.000000 0.999961 0.000000 -0.008880 1.000000 1.000000 1.000000
2140.012207 0.000000 3788.481445 0.000000 -0.994184 0.000000 0.107691 1.000000 1.000000 1.000000
6508.902344 0.000000 2868.113281 0.000000 -0.215746 0.000000 0.976450 1.000000 1.000000 1.000000
7045.180664 0.000000 2633.345215 0.000000 0.000000 0.000000 1.000000 1.000000 1.000000 1.000000
7059.036621 0.000000 2640.440186 0.000000 0.750034 0.000000 -0.661399 1.000000 1.000000 1.000000
7061.790039 0.000000 2636.830566 0.000000 0.492617 0.000000 -0.870246 1.000000 1.000000 1.000000
"}
object={
	name="sheep_type_4"
	render_pass=Map
	clamp_to_water_level=no
	generated_content=no
	layer="unit_layer"
	entity="map_mpo_sheep_female_02_entity"
	count=147
	transform="2541.849854 0.000000 3060.168701 0.000000 0.788441 0.000000 -0.615110 1.000000 1.000000 1.000000
2535.242188 0.000000 3060.117188 0.000000 0.135486 0.000000 0.990779 1.000000 1.000000 1.000000
2522.487305 0.000000 3072.488525 0.000000 0.907118 0.000000 0.420875 1.000000 1.000000 1.000000
2544.919922 0.000000 3068.672119 0.000000 -0.794927 0.000000 0.606705 1.000000 1.000000 1.000000
2520.346680 0.000000 3060.045410 0.000000 -0.737506 0.000000 -0.675340 1.000000 1.000000 1.000000
2526.279785 0.000000 3073.466553 0.000000 0.643543 0.000000 -0.765410 1.000000 1.000000 1.000000
2904.567627 0.000000 3345.567383 0.000000 -0.981609 0.000000 0.190901 1.000000 1.000000 1.000000
2912.366455 0.000000 3351.431641 0.000000 -0.994138 0.000000 -0.108119 1.000000 1.000000 1.000000
2900.406982 0.000000 3337.259766 0.000000 0.025778 0.000000 0.999668 1.000000 1.000000 1.000000
3032.930176 0.000000 3178.447510 0.000000 0.349438 0.000000 -0.936960 1.000000 1.000000 1.000000
3032.222412 0.000000 3190.031494 0.000000 0.779031 0.000000 0.626986 1.000000 1.000000 1.000000
3030.948242 0.000000 3171.659180 0.000000 0.961732 0.000000 -0.273991 1.000000 1.000000 1.000000
3049.268311 0.000000 3184.171387 0.000000 -0.999829 0.000000 -0.018496 1.000000 1.000000 1.000000
3153.681152 0.000000 3224.277588 0.000000 0.788302 0.000000 0.615288 1.000000 1.000000 1.000000
3151.363770 0.000000 3210.769043 0.000000 -0.225698 0.000000 0.974198 1.000000 1.000000 1.000000
3126.411865 0.000000 3222.656250 0.000000 -0.718390 0.000000 -0.695640 1.000000 1.000000 1.000000
3138.241943 0.000000 3209.121826 0.000000 0.693281 0.000000 -0.720667 1.128247 1.128247 1.128247
3140.022705 0.000000 3232.706055 0.000000 0.341726 0.000000 0.939800 1.000000 1.000000 1.000000
3146.702148 0.000000 3218.288818 -0.000000 -0.916424 0.000000 0.400210 1.128247 1.128247 1.128247
3493.824951 0.000000 3278.722412 -0.000000 0.688645 0.000000 0.725099 1.000000 1.000000 1.000000
3508.045410 0.000000 3300.413330 0.000000 0.322273 0.000000 -0.946647 1.000000 1.000000 1.000000
3503.299805 0.000000 3301.674805 0.000000 0.997683 0.000000 -0.068030 1.000000 1.000000 1.000000
3509.474609 0.000000 3281.093018 -0.000000 0.114184 0.000000 0.993460 1.000000 1.000000 1.000000
3508.322998 0.000000 3274.327637 0.000000 0.978074 0.000000 -0.208256 1.000000 1.000000 1.000000
3515.143555 0.000000 3293.387207 0.000000 -0.879007 0.000000 0.476809 1.000000 1.000000 1.000000
3596.807861 0.000000 3144.465820 0.000000 0.949202 0.000000 0.314667 1.000000 1.000000 1.000000
3602.713867 0.000000 3149.138184 0.000000 0.855020 0.000000 -0.518595 1.000000 1.000000 1.000000
3943.050049 0.000000 3136.702881 0.000000 -0.978436 0.000000 0.206550 1.000000 1.000000 1.000000
3936.404785 0.000000 3124.097412 0.000000 0.027390 -0.000000 -0.999625 1.000000 1.000000 1.000000
4114.349609 0.000000 3107.939453 0.000000 -0.358341 0.000000 0.933591 1.000000 1.000000 1.000000
4148.357422 0.000000 3102.259033 0.000000 0.639169 0.000000 0.769067 1.000000 1.000000 1.000000
4119.142578 0.000000 3140.437256 0.000000 -0.317017 0.000000 -0.948420 1.000000 1.000000 1.000000
4137.138672 0.000000 3149.544434 0.000000 0.552399 0.000000 -0.833580 1.000000 1.000000 1.000000
4095.059326 0.000000 3105.822021 0.000000 0.173358 0.000000 -0.984859 1.000000 1.000000 1.000000
4084.904785 0.000000 3138.805908 0.000000 0.000000 0.000000 1.000000 1.000000 1.000000 1.000000
4107.189453 0.000000 3124.037109 0.000000 0.106528 0.000000 0.994310 1.000000 1.000000 1.000000
4039.624756 0.000000 3269.499268 0.000000 0.829866 0.000000 0.557963 1.000000 1.000000 1.000000
4090.121094 0.000000 3422.025635 0.000000 0.548473 0.000000 0.836168 1.000000 1.000000 1.000000
4103.657715 0.000000 3417.365479 0.000000 -0.605893 0.000000 -0.795546 1.000000 1.000000 1.000000
4075.998291 0.000000 3412.525391 0.000000 -0.456508 0.000000 -0.889719 1.000000 1.000000 1.000000
4305.173340 0.000000 3425.796143 0.000000 0.168421 -0.000000 -0.985715 1.000000 1.000000 1.000000
4319.040527 0.000000 3433.951660 0.000000 0.962473 0.000000 0.271379 1.000000 1.000000 1.000000
4322.194336 0.000000 3442.637939 0.000000 -0.919711 0.000000 -0.392596 1.000000 1.000000 1.000000
4302.374512 0.000000 3426.803467 0.000000 -0.999604 0.000000 -0.028129 1.000000 1.000000 1.000000
4300.286621 0.000000 3439.448975 0.000000 0.382976 0.000000 -0.923758 1.000000 1.000000 1.000000
4288.613770 0.000000 3441.681885 0.000000 0.808023 0.000000 0.589151 1.000000 1.000000 1.000000
4319.932617 0.000000 3425.607178 0.000000 -0.921904 0.000000 -0.387419 1.000000 1.000000 1.000000
4357.077148 0.000000 3210.945312 0.000000 0.792476 0.000000 0.609904 1.000000 1.000000 1.000000
4348.837891 0.000000 3225.047607 0.000000 0.673417 0.000000 -0.739263 1.000000 1.000000 1.000000
4534.474121 0.000000 3263.332275 0.000000 0.106774 -0.000000 -0.994283 1.000000 1.000000 1.000000
4524.890625 0.000000 3264.614746 0.000000 0.500431 0.000000 0.865777 1.000000 1.000000 1.000000
4520.573242 0.000000 3252.465332 0.000000 -0.344085 0.000000 0.938938 1.000000 1.000000 1.000000
4534.305664 0.000000 3253.453613 0.000000 0.680639 0.000000 -0.732619 1.000000 1.000000 1.000000
4528.376953 0.000000 3265.940186 0.000000 -0.640824 0.000000 0.767688 1.000000 1.000000 1.000000
4798.062012 0.000000 3550.415527 0.000000 -0.156719 0.000000 0.987643 1.000000 1.000000 1.000000
4939.362305 0.000000 3105.036621 0.000000 -0.383547 0.000000 0.923522 1.000000 1.000000 1.000000
4936.844238 0.000000 3119.205078 0.000000 0.997831 0.000000 0.065828 1.000000 1.000000 1.000000
5177.792480 0.000000 3167.780762 0.000000 -0.464007 0.000000 -0.885832 1.000000 1.000000 1.000000
5173.129395 0.000000 3174.785645 -0.000000 -0.364637 0.000000 0.931150 1.000000 1.000000 1.000000
5163.475098 0.000000 3154.500244 0.000000 -0.999490 0.000000 0.031927 1.000000 1.000000 1.000000
3801.625977 0.000000 3381.699463 0.000000 -0.098135 -0.000000 -0.995173 1.000000 1.000000 1.000000
3816.918457 0.000000 3392.233398 -0.000000 -0.813124 0.000000 0.582090 1.000000 1.000000 1.000000
3828.818115 0.000000 3358.747559 0.000000 0.232149 0.000000 -0.972680 1.000000 1.000000 1.000000
3807.746338 0.000000 3343.856445 -0.000000 0.700686 0.000000 0.713470 1.000000 1.000000 1.000000
3812.234619 0.000000 3358.433838 0.000000 0.352482 -0.000000 -0.935818 1.000000 1.000000 1.000000
3291.378418 0.000000 3242.492188 0.000000 0.698381 0.000000 -0.715726 1.000000 1.000000 1.000000
3227.018555 0.000000 3072.965332 0.000000 -0.940534 0.000000 0.339700 1.000000 1.000000 1.000000
3239.118896 0.000000 3083.665771 0.000000 -0.209467 0.000000 -0.977816 1.000000 1.000000 1.000000
3124.855225 0.000000 3023.300293 0.000000 0.383612 0.000000 0.923494 1.000000 1.000000 1.000000
3132.860596 0.000000 3011.263916 0.000000 0.880781 0.000000 -0.473523 1.070410 1.070410 1.070410
3116.121094 0.000000 3036.303223 -0.000000 0.566347 0.000000 0.824166 0.885840 0.885840 0.885840
3113.816406 0.000000 3014.447021 0.000000 0.808455 0.000000 -0.588558 1.070410 1.070410 1.070410
3104.885986 0.000000 3038.568115 0.000000 -0.736624 0.000000 0.676303 1.000000 1.000000 1.000000
3106.088623 0.000000 3014.201904 0.000000 0.744394 0.000000 0.667741 1.000000 1.000000 1.000000
3108.907471 0.000000 3001.158691 -0.000000 0.604425 0.000000 0.796662 1.070410 1.070410 1.070410
3110.804688 0.000000 3028.388428 0.000000 0.995549 0.000000 -0.094248 1.000000 1.000000 1.000000
2870.901123 0.000000 3137.218750 0.000000 0.429988 0.000000 -0.902834 1.000000 1.000000 1.000000
2887.045898 0.000000 3112.349121 0.000000 0.013695 0.000000 -0.999906 1.000000 1.000000 1.000000
2908.282471 0.000000 3124.188232 0.000000 0.936273 0.000000 0.351274 1.000000 1.000000 1.000000
2887.440674 0.000000 3136.858398 0.000000 0.357308 0.000000 0.933987 1.000000 1.000000 1.000000
2870.371826 0.000000 3132.425781 0.000000 -0.998727 0.000000 0.050436 1.000000 1.000000 1.000000
2636.830566 0.000000 2935.063232 0.000000 0.983473 0.000000 -0.181057 1.000000 1.000000 1.000000
2639.436279 0.000000 2422.068359 0.000000 0.255028 -0.000000 -0.966934 1.000000 1.000000 1.000000
2628.795410 0.000000 2935.714844 0.000000 -0.909443 0.000000 -0.415828 1.000000 1.000000 1.000000
301.011353 0.000000 4345.725586 0.000000 0.953250 0.000000 0.302182 1.000000 1.000000 1.000000
1824.971313 0.000000 3831.745605 0.000000 -0.445808 0.000000 -0.895129 1.000000 1.000000 1.000000
1814.318604 0.000000 3820.922852 0.000000 -0.411681 0.000000 -0.911328 1.000000 1.000000 1.000000
1679.086792 0.000000 3627.737793 0.000000 -0.429650 -0.000000 -0.902995 1.000000 1.000000 1.000000
1918.008179 0.000000 3712.113037 0.000000 -0.317869 0.000000 0.948135 1.000000 1.000000 1.000000
1918.252319 0.000000 3718.241211 0.000000 -0.582280 0.000000 0.812989 1.000000 1.000000 1.000000
1925.972046 0.000000 3722.422852 0.000000 0.847637 0.000000 -0.530577 1.000000 1.000000 1.000000
2165.257812 0.000000 3895.939941 0.000000 0.995618 0.000000 -0.093512 1.000000 1.000000 1.000000
2167.826416 0.000000 3892.678955 0.000000 0.619602 0.000000 0.784916 1.000000 1.000000 1.000000
1486.735352 0.000000 3573.007080 0.000000 -0.265919 0.000000 -0.963996 1.000000 1.000000 1.000000
1483.552734 0.000000 3578.166016 -0.000000 -0.021298 0.000000 0.999773 1.000000 1.000000 1.000000
730.190674 0.000000 3577.843994 0.000000 -0.789309 0.000000 0.613997 1.000000 1.000000 1.000000
827.495789 0.000000 3363.227051 0.000000 -0.685636 0.000000 -0.727944 1.000000 1.000000 1.000000
881.126282 0.000000 3452.897461 0.000000 -0.709101 0.000000 -0.705106 1.000000 1.000000 1.000000
888.294495 0.000000 3451.834473 0.000000 -0.894904 -0.000000 -0.446258 1.000000 1.000000 1.000000
879.720825 0.000000 3441.863281 0.000000 0.996128 0.000000 0.087913 1.000000 1.000000 1.000000
888.844604 0.000000 3444.737305 0.000000 -0.987206 0.000000 0.159449 1.000000 1.000000 1.000000
574.712341 0.000000 3397.071289 0.000000 -0.937284 0.000000 0.348567 1.000000 1.000000 1.000000
579.458191 0.000000 3400.474121 0.000000 -0.326364 0.000000 0.945244 1.000000 1.000000 1.000000
789.822327 0.000000 2391.557129 0.000000 -0.521149 0.000000 -0.853465 1.000000 1.000000 1.000000
506.721008 0.000000 2325.161133 0.000000 -0.982350 0.000000 -0.187052 1.000000 1.000000 1.000000
516.925842 0.000000 2327.560791 0.000000 -0.987429 0.000000 -0.158064 1.000000 1.000000 1.000000
1482.675293 0.000000 3333.099854 0.000000 -0.610433 0.000000 -0.792068 1.000000 1.000000 1.000000
1480.553833 0.000000 3327.541260 0.000000 -0.943715 0.000000 -0.330761 1.000000 1.000000 1.000000
1485.626709 0.000000 3327.577148 0.000000 -0.540299 0.000000 0.841473 1.000000 1.000000 1.000000
1229.622192 0.000000 2979.441650 0.000000 0.047230 0.000000 0.998884 1.000000 1.000000 1.000000
1220.805420 0.000000 2967.511963 0.000000 -0.476557 0.000000 -0.879143 1.000000 1.000000 1.000000
1233.407349 0.000000 2969.026367 0.000000 -0.970897 0.000000 -0.239499 1.000000 1.000000 1.000000
1517.583008 0.000000 2772.129883 0.000000 0.681150 0.000000 0.732144 1.000000 1.000000 1.000000
1511.793823 0.000000 2781.940918 0.000000 0.950707 0.000000 -0.310090 1.000000 1.000000 1.000000
1883.598511 0.000000 2440.089355 0.000000 0.255564 -0.000000 -0.966792 1.000000 1.000000 1.000000
1889.284912 0.000000 2429.575684 0.000000 0.991489 0.000000 -0.130188 1.000000 1.000000 1.000000
770.007996 0.000000 2047.540894 0.000000 0.401250 0.000000 -0.915969 1.000000 1.000000 1.000000
773.259277 0.000000 2052.763916 0.000000 0.470320 0.000000 -0.882496 1.000000 1.000000 1.000000
1028.136597 0.000000 623.891785 0.000000 0.833404 0.000000 0.552664 1.000000 1.000000 1.000000
1033.981445 0.000000 622.250549 0.000000 0.417429 0.000000 0.908710 1.000000 1.000000 1.000000
3056.788086 0.000000 1024.411743 0.000000 0.996459 0.000000 0.084073 1.000000 1.000000 1.000000
3045.597656 0.000000 1022.690369 0.000000 -0.125593 0.000000 -0.992082 1.000000 1.000000 1.000000
3078.227783 0.000000 2064.157471 0.000000 0.768159 0.000000 0.640259 1.000000 1.000000 1.000000
3077.329346 0.000000 2056.071289 0.000000 -0.479149 0.000000 -0.877734 1.000000 1.000000 1.000000
3293.305908 0.000000 2204.048828 0.000000 0.193091 0.000000 0.981181 1.000000 1.000000 1.000000
3291.103516 0.000000 2201.531006 0.000000 -0.995538 0.000000 0.094360 1.000000 1.000000 1.000000
3289.433350 0.000000 2211.506348 0.000000 0.131981 0.000000 -0.991252 1.000000 1.000000 1.000000
3660.593506 0.000000 2157.626465 0.000000 0.822020 0.000000 -0.569459 1.000000 1.000000 1.000000
3658.472412 0.000000 2164.592773 0.000000 -0.118475 0.000000 0.992957 1.000000 1.000000 1.000000
3653.540283 0.000000 2155.732666 0.000000 0.971224 0.000000 -0.238167 1.000000 1.000000 1.000000
4250.670410 0.000000 2425.736816 0.000000 0.173498 0.000000 0.984834 1.000000 1.000000 1.000000
4256.895508 0.000000 2434.457764 0.000000 0.999981 0.000000 0.006184 1.000000 1.000000 1.000000
5308.847656 0.000000 1600.064575 0.000000 -0.187269 0.000000 0.982309 1.000000 1.000000 1.000000
5316.330078 0.000000 1608.156616 0.000000 0.389812 0.000000 -0.920894 1.000000 1.000000 1.000000
5668.728516 0.000000 3319.880127 0.000000 0.750131 0.000000 0.661289 1.000000 1.000000 1.000000
5675.339355 0.000000 3321.592773 -0.000000 0.641819 0.000000 0.766856 1.000000 1.000000 1.000000
5664.480957 0.000000 3329.298340 0.000000 -0.843329 0.000000 0.537397 1.000000 1.000000 1.000000
2643.066650 0.000000 3727.205811 0.000000 0.888888 0.000000 0.458124 1.000000 1.000000 1.000000
2642.281494 0.000000 3718.860352 0.000000 -0.404934 0.000000 0.914346 1.000000 1.000000 1.000000
2366.742676 0.000000 3695.624268 0.000000 -0.503883 0.000000 -0.863772 1.000000 1.000000 1.000000
2365.595459 0.000000 3705.310059 0.000000 0.458897 0.000000 -0.888490 1.000000 1.000000 1.000000
2136.755371 0.000000 3787.563965 -0.000000 0.438909 0.000000 0.898531 1.000000 1.000000 1.000000
2127.523926 0.000000 3802.703857 0.000000 0.251826 0.000000 -0.967772 1.000000 1.000000 1.000000
2133.830078 0.000000 3798.327881 0.000000 0.085125 0.000000 0.996370 1.000000 1.000000 1.000000
7051.122559 0.000000 2626.935303 0.000000 -0.114597 0.000000 -0.993412 1.000000 1.000000 1.000000
7045.416016 0.000000 2628.263916 0.000000 0.434040 0.000000 0.900894 1.000000 1.000000 1.000000
7052.066895 0.000000 2637.145264 0.000000 -0.297268 0.000000 0.954794 1.000000 1.000000 1.000000
"}
