object={
	name="env_coast_foam_l"
	render_pass=MapUnderWater
	clamp_to_water_level=yes
	generated_content=no
	layer="coast_foam_layer"
	entity="env_coast_foam_l"
	count=366
	transform="926.502808 0.000000 2729.516357 0.000000 0.014931 0.000000 -0.999889 1.000000 1.000000 1.000000
947.339722 0.000000 2726.212891 0.000000 -0.168239 -0.000000 -0.985746 1.000000 1.000000 1.000000
1050.354858 0.000000 2833.330322 0.000000 0.449584 0.000000 -0.893238 1.000000 1.000000 1.000000
728.954773 0.000000 2873.778564 0.000000 0.853247 0.000000 0.521509 1.000000 1.000000 1.000000
800.816711 0.000000 3308.993896 0.000000 0.309730 0.000000 -0.950824 1.000000 1.000000 1.000000
818.421936 0.000000 3319.487793 0.000000 -0.298576 0.000000 0.954386 1.000000 1.000000 1.000000
783.402161 0.000000 3354.384033 0.000000 0.997180 0.000000 0.075051 1.000000 1.000000 1.000000
849.115234 0.000000 3287.124268 0.000000 -0.999828 -0.000000 -0.018565 1.000000 1.000000 1.000000
874.758728 0.000000 3286.371338 0.000000 0.999217 0.000000 0.039559 1.000000 1.000000 1.000000
873.804321 0.000000 3211.631104 0.000000 0.426175 0.000000 -0.904640 1.000000 1.000000 1.000000
855.967041 0.000000 3192.380859 0.000000 0.359411 0.000000 -0.933179 1.000000 1.000000 1.000000
682.310303 0.000000 1601.618652 0.000000 -0.937930 0.000000 0.346824 1.000000 1.000000 1.000000
560.707947 0.000000 3107.166992 0.000000 0.992063 0.000000 0.125745 1.000000 1.000000 1.000000
534.407471 0.000000 3098.567383 0.000000 -0.943710 0.000000 -0.330775 1.000000 1.000000 1.000000
672.799988 0.000000 2703.767090 0.000000 -0.342280 0.000000 0.939598 1.000000 1.000000 1.000000
689.993835 0.000000 2852.137695 0.000000 0.959608 0.000000 0.281340 1.000000 1.000000 1.000000
779.293762 0.000000 3026.198730 0.000000 0.519382 0.000000 0.854542 1.000000 1.000000 1.000000
669.852051 0.000000 3116.088867 0.000000 0.841219 0.000000 0.540694 1.000000 1.000000 1.000000
598.612061 0.000000 3255.095703 0.000000 0.736917 0.000000 0.675983 1.000000 1.000000 1.000000
1025.286621 0.000000 2686.204590 0.000000 0.755743 0.000000 0.654868 1.000000 1.000000 1.000000
1029.351440 0.000000 2713.795898 0.000000 0.788113 0.000000 0.615530 1.000000 1.000000 1.000000
1009.478455 0.000000 2662.967773 0.000000 0.962837 0.000000 0.270083 1.000000 1.000000 1.000000
962.038269 0.000000 2649.765625 0.000000 0.977519 0.000000 0.210849 1.000000 1.000000 1.000000
987.826477 0.000000 2656.629883 0.000000 0.998488 0.000000 0.054968 1.000000 1.000000 1.000000
753.250366 0.000000 2586.844971 0.000000 0.998753 0.000000 0.049924 1.000000 1.000000 1.000000
725.920227 0.000000 2493.571533 0.000000 0.196273 0.000000 0.980549 1.000000 1.000000 1.000000
794.706299 0.000000 2152.147949 0.000000 0.964783 0.000000 -0.263047 1.000000 1.000000 1.000000
645.773682 0.000000 2165.505127 0.000000 0.995074 0.000000 -0.099130 1.000000 1.000000 1.000000
448.748962 0.000000 2050.882324 0.000000 0.651590 0.000000 0.758571 1.000000 1.000000 1.000000
459.011902 0.000000 1947.697632 0.000000 0.756263 0.000000 0.654268 1.000000 1.000000 1.000000
460.771606 0.000000 1752.329346 0.000000 0.694946 0.000000 0.719062 1.000000 1.000000 1.000000
571.688049 0.000000 1710.230713 0.000000 0.195839 0.000000 0.980636 1.000000 1.000000 1.000000
605.120544 0.000000 1662.734863 0.000000 0.497698 0.000000 0.867351 1.000000 1.000000 1.000000
374.032196 0.000000 1215.738281 0.000000 0.926594 0.000000 0.376063 1.000000 1.000000 1.000000
618.347473 0.000000 1595.282104 0.000000 0.790325 0.000000 0.612688 1.000000 1.000000 1.000000
1216.357300 0.000000 2856.561035 0.000000 0.805123 0.000000 0.593108 1.000000 1.000000 1.000000
1264.615601 0.000000 2918.047852 0.000000 0.990350 0.000000 0.138586 1.000000 1.000000 1.000000
1441.544800 0.000000 3108.879395 0.000000 0.734100 0.000000 0.679041 1.000000 1.000000 1.000000
1781.788574 0.000000 3091.301270 0.000000 0.111584 0.000000 0.993755 1.000000 1.000000 1.000000
1839.044312 0.000000 3112.068604 0.000000 -0.552523 0.000000 0.833498 1.000000 1.000000 1.000000
1847.576172 0.000000 3138.687500 0.000000 -0.571003 0.000000 0.820948 1.000000 1.000000 1.000000
1857.182739 0.000000 3165.473145 0.000000 -0.622622 0.000000 0.782523 1.000000 1.000000 1.000000
1840.958374 0.000000 3200.047607 0.000000 -0.706590 0.000000 0.707623 1.000000 1.000000 1.000000
1843.133179 0.000000 3224.339844 0.000000 -0.696040 0.000000 0.718003 1.000000 1.000000 1.000000
1846.586914 0.000000 3253.900146 0.000000 -0.693999 0.000000 0.719976 1.000000 1.000000 1.000000
1859.253906 0.000000 3272.557129 0.000000 -0.294400 0.000000 0.955682 1.000000 1.000000 1.000000
1853.488892 0.000000 3423.587402 0.000000 -0.802545 0.000000 0.596592 1.000000 1.000000 1.000000
1849.704956 0.000000 3452.291748 0.000000 -0.741905 0.000000 0.670505 1.000000 1.000000 1.000000
1856.279175 0.000000 3499.664551 0.000000 -0.616658 0.000000 0.787232 1.000000 1.000000 1.000000
1989.353516 0.000000 3634.318604 0.000000 -0.343620 0.000000 0.939109 1.000000 1.000000 1.000000
1988.756958 0.000000 3663.963867 0.000000 -0.879698 0.000000 0.475534 1.000000 1.000000 1.000000
2115.842529 0.000000 3705.789551 0.000000 0.280224 0.000000 0.959935 1.000000 1.000000 1.000000
1988.541870 0.000000 3530.500000 0.000000 0.687578 0.000000 0.726111 0.983643 0.983643 0.983643
1995.011475 0.000000 3508.521240 0.000000 0.487333 0.000000 0.873216 1.000000 1.000000 1.000000
2001.654907 0.000000 3490.481445 0.000000 0.589198 0.000000 0.807989 1.000000 1.000000 1.000000
2006.462891 0.000000 3467.795166 0.000000 0.609957 0.000000 0.792435 1.000000 1.000000 1.000000
1741.543823 0.000000 2943.671631 0.000000 0.980517 0.000000 0.196433 1.000000 1.000000 1.000000
1888.089233 0.000000 2997.183838 0.000000 0.996885 0.000000 0.078863 1.000000 1.000000 1.000000
1940.065186 0.000000 2991.946533 0.000000 -0.970656 0.000000 0.240474 1.000000 1.000000 1.000000
2081.047852 0.000000 3195.060791 0.000000 0.986095 0.000000 0.166183 1.000000 1.000000 1.000000
2247.938721 0.000000 3362.632812 0.000000 -0.085923 0.000000 0.996302 1.000000 1.000000 1.000000
2217.083496 0.000000 3360.207520 0.000000 -0.117495 0.000000 0.993073 1.000000 1.000000 1.000000
2188.164795 0.000000 3352.000488 0.000000 -0.214089 0.000000 0.976814 1.000000 1.000000 1.000000
2158.982910 0.000000 3347.141357 0.000000 -0.178512 0.000000 0.983938 1.000000 1.000000 1.000000
2137.085205 0.000000 3339.964111 0.000000 -0.113676 0.000000 0.993518 1.000000 1.000000 1.000000
1455.996338 0.000000 3249.082520 0.000000 -0.083749 0.000000 0.996487 1.000000 1.000000 1.000000
1488.961792 0.000000 3266.937744 0.000000 -0.339519 0.000000 0.940599 1.000000 1.000000 1.000000
1504.444092 0.000000 3279.049072 0.000000 -0.339519 0.000000 0.940599 1.000000 1.000000 1.000000
1521.078979 0.000000 3293.061035 0.000000 -0.339519 0.000000 0.940599 1.000000 1.000000 1.000000
2379.390625 0.000000 3969.601562 0.000000 0.971470 0.000000 -0.237164 1.000000 1.000000 1.000000
2407.550781 0.000000 3955.712646 0.000000 0.976551 0.000000 -0.215286 1.000000 1.000000 1.000000
2457.062256 0.000000 3927.631348 0.000000 0.962434 0.000000 -0.271516 1.000000 1.000000 1.000000
2496.021484 0.000000 3911.830811 0.000000 0.972984 0.000000 -0.230874 1.000000 1.000000 1.000000
2543.003662 0.000000 3857.454102 0.000000 -0.786556 0.000000 0.617519 1.000000 1.000000 1.000000
2538.271240 0.000000 3826.964844 0.000000 0.551600 0.000000 -0.834109 1.000000 1.000000 1.000000
2509.348633 0.000000 3785.509277 0.000000 -0.259861 0.000000 0.965646 1.000000 1.000000 1.000000
2473.853516 0.000000 3773.622803 0.000000 -0.003296 0.000000 0.999995 1.000000 1.000000 1.000000
2430.196533 0.000000 3779.202393 0.000000 -0.019530 0.000000 0.999809 1.000000 1.000000 1.000000
2388.874023 0.000000 3786.636230 0.000000 0.252191 0.000000 0.967677 1.000000 1.000000 1.000000
2372.791748 0.000000 3765.790527 0.000000 0.961567 0.000000 -0.274569 1.000000 1.000000 1.000000
2393.282715 0.000000 3728.690918 0.000000 -0.636257 0.000000 0.771478 1.000000 1.000000 1.000000
2402.927246 0.000000 3689.746582 0.000000 -0.846057 0.000000 0.533092 1.000000 1.000000 1.000000
2470.354248 0.000000 3629.025391 0.000000 -0.997404 0.000000 0.072016 1.000000 1.000000 1.000000
2465.469727 0.000000 3663.135498 0.000000 0.417308 0.000000 0.908765 1.000000 1.000000 1.000000
2471.343262 0.000000 3709.804932 0.000000 0.980341 0.000000 -0.197310 1.000000 1.000000 1.000000
2544.650879 0.000000 3718.447510 0.000000 0.382515 0.000000 0.923949 1.000000 1.000000 1.000000
2526.545898 0.000000 3754.590820 0.000000 0.759741 0.000000 0.650226 1.000000 1.000000 1.000000
229.664749 0.000000 3827.883057 0.000000 0.090659 0.000000 0.995882 1.000000 1.000000 1.000000
255.106247 0.000000 3808.201660 0.000000 0.492008 0.000000 0.870591 1.000000 1.000000 1.000000
273.623596 0.000000 3789.852051 0.000000 0.286870 0.000000 0.957969 1.000000 1.000000 1.000000
305.212433 0.000000 3776.104248 0.000000 0.055814 0.000000 0.998441 1.000000 1.000000 1.000000
341.306335 0.000000 3784.115723 0.000000 -0.255243 0.000000 0.966877 1.000000 1.000000 1.000000
395.256439 0.000000 3799.062988 0.000000 -0.316362 0.000000 0.948639 1.000000 1.000000 1.000000
216.270355 0.000000 1067.690430 0.000000 0.819058 0.000000 0.573711 1.000000 1.000000 1.000000
256.750946 0.000000 1119.856323 0.000000 0.959576 0.000000 0.281450 1.000000 1.000000 1.000000
277.937225 0.000000 1155.586792 0.000000 -0.835402 0.000000 -0.549640 1.000000 1.000000 1.000000
320.326019 0.000000 1194.844849 0.000000 0.998854 0.000000 0.047863 1.000000 1.000000 1.000000
109.993187 0.000000 868.588806 0.000000 0.773062 0.000000 0.634330 1.000000 1.000000 1.000000
3628.786865 0.000000 182.401566 0.000000 -0.412226 0.000000 0.911081 1.000000 1.000000 1.000000
3613.851807 0.000000 163.905991 0.000000 -0.412226 0.000000 0.911081 1.000000 1.000000 1.000000
3599.320801 0.000000 147.919724 0.000000 -0.412226 0.000000 0.911081 1.000000 1.000000 1.000000
3586.049805 0.000000 132.486572 0.000000 -0.412226 0.000000 0.911081 1.000000 1.000000 1.000000
3571.906982 0.000000 115.157196 0.000000 -0.412226 0.000000 0.911081 1.000000 1.000000 1.000000
3553.591797 0.000000 93.487686 0.000000 -0.412226 0.000000 0.911081 1.000000 1.000000 1.000000
3536.115234 0.000000 72.078560 0.000000 -0.412226 0.000000 0.911081 1.000000 1.000000 1.000000
3696.333984 0.000000 455.652771 0.000000 0.991323 0.000000 0.131450 1.000000 1.000000 1.000000
3624.454590 0.000000 441.252625 0.000000 -0.980202 0.000000 -0.197998 1.000000 1.000000 1.000000
3603.148193 0.000000 436.505676 0.000000 -0.998467 0.000000 -0.055348 1.000000 1.000000 1.000000
3528.669189 0.000000 416.695068 0.000000 -0.996867 0.000000 0.079093 1.000000 1.000000 1.000000
3483.301514 0.000000 411.751404 0.000000 0.975336 0.000000 0.220727 1.000000 1.000000 1.000000
3171.598389 0.000000 683.647644 0.000000 -0.780870 0.000000 0.624694 1.000000 1.000000 1.000000
3162.275391 0.000000 713.473572 0.000000 -0.812499 0.000000 0.582963 1.000000 1.000000 1.000000
3148.488281 0.000000 741.332092 0.000000 -0.869203 0.000000 0.494455 1.000000 1.000000 1.000000
3053.298096 0.000000 906.444214 0.000000 -0.926337 0.000000 0.376695 1.000000 1.000000 1.000000
2926.595703 0.000000 1082.145996 0.000000 -0.850902 0.000000 0.525324 1.000000 1.000000 1.000000
2912.738281 0.000000 1100.199585 0.000000 -0.911912 0.000000 0.410386 1.000000 1.000000 1.000000
2898.472900 0.000000 1120.542847 0.000000 -0.865528 0.000000 0.500861 1.000000 1.000000 1.000000
2891.667236 0.000000 1141.101562 0.000000 -0.752351 0.000000 0.658763 1.000000 1.000000 1.000000
2646.089600 0.000000 1305.743530 0.000000 0.968398 0.000000 0.249410 1.000000 1.000000 1.000000
2584.868164 0.000000 1308.444214 0.000000 0.999835 0.000000 0.018183 1.000000 1.000000 1.000000
2557.250732 0.000000 1309.519531 0.000000 -0.999502 0.000000 0.031545 1.000000 1.000000 1.000000
2526.334961 0.000000 1318.286987 0.000000 0.998298 0.000000 -0.058321 1.000000 1.000000 1.000000
2500.989746 0.000000 1320.882324 0.000000 0.999050 0.000000 -0.043570 1.000000 1.000000 1.000000
2453.322021 0.000000 1322.277832 0.000000 0.997441 0.000000 0.071498 1.000000 1.000000 1.000000
2396.359863 0.000000 1334.952148 0.000000 -0.999038 0.000000 -0.043844 1.000000 1.000000 1.000000
2372.797607 0.000000 1335.263550 0.000000 0.999458 0.000000 -0.032927 1.000000 1.000000 1.000000
2337.175781 0.000000 1341.031616 0.000000 -1.000000 0.000000 -0.000859 1.000000 1.000000 1.000000
2294.884033 0.000000 1368.193481 0.000000 -0.994243 0.000000 0.107150 1.000000 1.000000 1.000000
2267.463135 0.000000 1375.134521 0.000000 -0.997348 0.000000 0.072777 1.000000 1.000000 1.000000
2134.816406 0.000000 1264.029541 0.000000 0.885664 0.000000 0.464328 1.000000 1.000000 1.000000
2121.763184 0.000000 1248.993042 0.000000 -0.946253 0.000000 -0.323428 1.000000 1.000000 1.000000
1931.767212 0.000000 1273.153198 0.000000 -0.999368 0.000000 0.035541 1.000000 1.000000 1.000000
1912.378174 0.000000 1277.090210 0.000000 -0.990546 0.000000 0.137181 1.000000 1.000000 1.000000
1950.994873 0.000000 1272.693970 0.000000 -0.999630 0.000000 0.027214 1.000000 1.000000 1.000000
1976.615845 0.000000 1270.296021 0.000000 -0.995510 0.000000 0.094656 1.000000 1.000000 1.000000
1624.236328 0.000000 1494.613403 0.000000 -0.548447 0.000000 0.836186 1.000000 1.000000 1.000000
1622.932007 0.000000 1522.090820 0.000000 -0.749580 0.000000 0.661914 1.000000 1.000000 1.000000
1568.208008 0.000000 1624.983521 0.000000 -0.874516 0.000000 0.484996 1.000000 1.000000 1.000000
1521.752808 0.000000 1652.160156 0.000000 0.993977 0.000000 0.109592 1.000000 1.000000 1.000000
1490.120972 0.000000 1639.379761 0.000000 0.954276 0.000000 0.298928 1.000000 1.000000 1.000000
1237.889771 0.000000 1648.000366 0.000000 0.998326 0.000000 -0.057833 1.000000 1.000000 1.000000
1213.010986 0.000000 1650.979614 0.000000 -0.997921 0.000000 0.064450 1.000000 1.000000 1.000000
1099.073242 0.000000 1638.837280 0.000000 0.997837 0.000000 0.065744 1.000000 1.000000 1.000000
1078.579102 0.000000 1638.664551 0.000000 0.999957 0.000000 -0.009282 1.000000 1.000000 1.000000
698.896179 0.000000 1588.904663 0.000000 0.968794 0.000000 -0.247867 1.000000 1.000000 1.000000
523.747192 0.000000 1492.718018 0.000000 0.985909 0.000000 0.167281 1.000000 1.000000 1.000000
1583.416992 0.000000 1420.989868 0.000000 -0.914461 0.000000 0.404673 1.000000 1.000000 1.000000
1693.964966 0.000000 1363.117065 0.000000 0.945127 0.000000 -0.326704 1.000000 1.000000 1.000000
138.877609 0.000000 633.316162 0.000000 0.693679 0.000000 0.720284 1.000000 1.000000 1.000000
146.848907 0.000000 666.220581 0.000000 0.863993 0.000000 0.503505 1.000000 1.000000 1.000000
140.299179 0.000000 453.497131 0.000000 0.349338 0.000000 0.936997 1.000000 1.000000 1.000000
376.698730 0.000000 200.414810 0.000000 0.137211 0.000000 0.990542 1.000000 1.000000 1.000000
397.097778 0.000000 193.281616 0.000000 0.187164 0.000000 0.982329 1.000000 1.000000 1.000000
418.581970 0.000000 183.210144 0.000000 0.249617 0.000000 0.968345 1.000000 1.000000 1.000000
1482.416870 0.000000 40.834999 0.000000 0.435636 0.000000 0.900123 1.000000 1.000000 1.000000
1466.533936 0.000000 65.907768 0.000000 0.399802 0.000000 0.916602 1.000000 1.000000 1.000000
1441.156494 0.000000 101.991821 0.000000 0.461857 0.000000 0.886955 1.000000 1.000000 1.000000
1423.942871 0.000000 127.852051 0.000000 0.325704 0.000000 0.945472 1.000000 1.000000 1.000000
1300.997803 0.000000 141.518326 0.000000 -0.012619 0.000000 0.999920 1.000000 1.000000 1.000000
1323.330078 0.000000 143.098709 0.000000 0.001755 0.000000 0.999998 1.000000 1.000000 1.000000
1347.202881 0.000000 142.993301 0.000000 0.051262 0.000000 0.998685 1.000000 1.000000 1.000000
1118.656006 0.000000 97.552269 0.000000 -0.248749 0.000000 0.968568 1.000000 1.000000 1.000000
1094.248291 0.000000 86.796631 0.000000 -0.118980 0.000000 0.992897 1.000000 1.000000 1.000000
1034.340942 0.000000 68.731689 0.000000 -0.182699 0.000000 0.983169 1.000000 1.000000 1.000000
988.533630 0.000000 76.508362 0.000000 0.077947 0.000000 0.996958 1.000000 1.000000 1.000000
958.723511 0.000000 82.027527 0.000000 0.032747 0.000000 0.999464 1.000000 1.000000 1.000000
884.003479 0.000000 88.386490 0.000000 -0.062513 0.000000 0.998044 1.000000 1.000000 1.000000
854.937866 0.000000 86.576515 0.000000 -0.071586 0.000000 0.997434 1.000000 1.000000 1.000000
820.530090 0.000000 84.998817 0.000000 -0.060114 0.000000 0.998192 1.000000 1.000000 1.000000
789.459656 0.000000 80.592934 0.000000 -0.097220 0.000000 0.995263 1.000000 1.000000 1.000000
550.268799 0.000000 100.025345 0.000000 0.334066 0.000000 0.942550 1.000000 1.000000 1.000000
588.223389 0.000000 77.482521 0.000000 0.228783 0.000000 0.973477 1.000000 1.000000 1.000000
628.177612 0.000000 59.427475 0.000000 0.157529 0.000000 0.987514 1.000000 1.000000 1.000000
691.502441 0.000000 52.276089 0.000000 -0.205959 0.000000 0.978561 1.000000 1.000000 1.000000
710.910278 0.000000 60.394974 0.000000 -0.222488 0.000000 0.974936 1.000000 1.000000 1.000000
3757.528564 0.000000 395.747986 0.000000 -0.718240 0.000000 0.695795 1.000000 1.000000 1.000000
740.756714 0.000000 1676.516846 0.000000 0.017585 0.000000 0.999845 1.000000 1.000000 1.000000
757.582520 0.000000 1673.511597 0.000000 0.118564 0.000000 0.992946 1.000000 1.000000 1.000000
787.217285 0.000000 1672.171753 0.000000 0.061957 0.000000 0.998079 1.000000 1.000000 1.000000
862.704224 0.000000 1691.860840 0.000000 -0.578402 0.000000 0.815752 1.000000 1.000000 1.000000
880.397583 0.000000 1710.653442 0.000000 -0.300650 0.000000 0.953735 1.000000 1.000000 1.000000
940.899780 0.000000 1771.755127 0.000000 -0.473120 0.000000 0.880998 1.000000 1.000000 1.000000
961.333069 0.000000 1890.030273 0.000000 -0.430471 0.000000 0.902604 1.000000 1.000000 1.000000
973.572327 0.000000 1905.708130 0.000000 -0.474698 0.000000 0.880149 1.000000 1.000000 1.000000
1005.436218 0.000000 1957.798340 0.000000 -0.352353 0.000000 0.935867 1.000000 1.000000 1.000000
1097.777222 0.000000 1992.476685 0.000000 -0.212375 0.000000 0.977188 1.000000 1.000000 1.000000
1115.451050 0.000000 2002.179688 0.000000 -0.260554 0.000000 0.965459 1.000000 1.000000 1.000000
1422.646851 0.000000 2170.753662 0.000000 -0.357353 0.000000 0.933969 1.000000 1.000000 1.000000
1480.021606 0.000000 2168.445312 0.000000 0.286004 0.000000 0.958228 1.000000 1.000000 1.000000
1497.611816 0.000000 2158.055664 0.000000 0.212583 0.000000 0.977143 1.000000 1.000000 1.000000
1581.861816 0.000000 2040.647705 0.000000 0.363261 0.000000 0.931688 1.000000 1.000000 1.000000
1491.114380 0.000000 2057.350586 0.000000 -0.717390 0.000000 0.696672 1.000000 1.000000 1.000000
1498.313843 0.000000 2025.362549 0.000000 -0.728073 0.000000 0.685500 1.000000 1.000000 1.000000
1496.156128 0.000000 1994.221802 0.000000 -0.641316 0.000000 0.767277 1.000000 1.000000 1.000000
1519.755981 0.000000 1891.976440 0.000000 -0.838657 0.000000 0.544661 1.000000 1.000000 1.000000
1772.494019 0.000000 2026.028076 0.000000 -0.931145 0.000000 0.364649 1.000000 1.000000 1.000000
1755.951294 0.000000 2046.803833 0.000000 -0.874146 0.000000 0.485663 1.000000 1.000000 1.000000
1740.788208 0.000000 2080.872803 0.000000 -0.821977 0.000000 0.569520 1.000000 1.000000 1.000000
1730.307373 0.000000 2103.208252 0.000000 -0.835828 0.000000 0.548991 1.000000 1.000000 1.000000
1797.729004 0.000000 2149.889160 0.000000 -0.397375 0.000000 -0.917656 1.000000 1.000000 1.000000
1949.824219 0.000000 2052.188965 0.000000 0.106851 0.000000 0.994275 1.000000 1.000000 1.000000
2074.452393 0.000000 1865.717529 0.000000 0.332448 0.000000 0.943122 1.000000 1.000000 1.000000
2345.793457 0.000000 1526.907959 0.000000 0.050942 0.000000 0.998702 1.000000 1.000000 1.000000
2368.158447 0.000000 1526.020630 0.000000 -0.022123 0.000000 0.999755 1.000000 1.000000 1.000000
2413.917969 0.000000 1513.017822 0.000000 -0.069372 0.000000 0.997591 1.000000 1.000000 1.000000
2439.143799 0.000000 1517.896729 0.000000 -0.042895 0.000000 0.999080 1.000000 1.000000 1.000000
2934.894531 0.000000 1426.071655 0.000000 0.762887 0.000000 0.646531 1.000000 1.000000 1.000000
2959.095459 0.000000 1500.756104 0.000000 0.779056 0.000000 0.626955 1.000000 1.000000 1.000000
2848.768311 0.000000 1633.374878 0.000000 -0.148195 0.000000 0.988958 1.000000 1.000000 1.000000
2805.746582 0.000000 1625.931885 0.000000 0.195839 0.000000 0.980636 1.000000 1.000000 1.000000
2785.125488 0.000000 1641.739990 0.000000 0.421630 0.000000 0.906768 1.000000 1.000000 1.000000
2766.558838 0.000000 1654.421509 0.000000 0.153655 0.000000 0.988125 1.000000 1.000000 1.000000
2728.483398 0.000000 1664.654175 0.000000 0.027706 0.000000 0.999616 1.000000 1.000000 1.000000
2704.986572 0.000000 1652.569092 0.000000 -0.655707 0.000000 0.755016 1.000000 1.000000 1.000000
2293.421387 0.000000 1657.234009 0.000000 -0.831912 0.000000 0.554908 1.000000 1.000000 1.000000
2619.787354 0.000000 1977.084595 0.000000 -0.997274 0.000000 0.073781 1.000000 1.000000 1.000000
2676.878174 0.000000 1977.057739 0.000000 -0.996265 0.000000 0.086344 1.000000 1.000000 1.000000
2728.532227 0.000000 1998.575439 0.000000 -0.947743 0.000000 -0.319035 1.000000 1.000000 1.000000
2749.907471 0.000000 2014.472412 0.000000 -0.949548 0.000000 -0.313622 1.000000 1.000000 1.000000
2769.881592 0.000000 2029.474609 0.000000 -0.966300 0.000000 -0.257419 1.000000 1.000000 1.000000
2793.712158 0.000000 2039.795654 0.000000 -0.973300 0.000000 -0.229537 1.000000 1.000000 1.000000
2825.440186 0.000000 2048.949951 0.000000 -0.999953 0.000000 -0.009648 1.000000 1.000000 1.000000
2852.913086 0.000000 2049.869629 0.000000 -0.999898 0.000000 0.014247 1.000000 1.000000 1.000000
2874.823975 0.000000 2050.932861 0.000000 -0.999995 0.000000 0.003200 1.000000 1.000000 1.000000
3209.129395 0.000000 2083.111572 0.000000 0.498221 0.000000 0.867050 1.000000 1.000000 1.000000
3199.333496 0.000000 2104.913086 0.000000 -0.562260 0.000000 -0.826961 1.000000 1.000000 1.000000
3170.734375 0.000000 2138.582275 0.000000 0.383643 0.000000 0.923482 1.000000 1.000000 1.000000
3152.976074 0.000000 2146.424072 0.000000 -0.104706 0.000000 -0.994503 1.000000 1.000000 1.000000
3131.372314 0.000000 2157.747559 0.000000 -0.296566 0.000000 -0.955012 1.000000 1.000000 1.000000
3109.479980 0.000000 2173.320068 0.000000 -0.339355 0.000000 -0.940658 1.000000 1.000000 1.000000
3078.271484 0.000000 2201.667480 0.000000 -0.349097 0.000000 -0.937087 1.000000 1.000000 1.000000
3054.578369 0.000000 2220.120605 0.000000 -0.247915 0.000000 -0.968782 1.000000 1.000000 1.000000
3029.763916 0.000000 2229.866211 0.000000 -0.109409 0.000000 -0.993997 1.000000 1.000000 1.000000
3006.703613 0.000000 2241.921143 0.000000 0.272657 0.000000 0.962111 1.000000 1.000000 1.000000
2984.483887 0.000000 2250.077148 0.000000 0.119223 0.000000 0.992868 1.000000 1.000000 1.000000
2950.565918 0.000000 2275.416016 0.000000 0.170850 0.000000 0.985297 1.000000 1.000000 1.000000
2910.118896 0.000000 2270.910400 0.000000 -0.102693 0.000000 0.994713 1.000000 1.000000 1.000000
2886.750488 0.000000 2273.285645 0.000000 0.226443 0.000000 0.974024 1.000000 1.000000 1.000000
2872.485596 0.000000 2265.777100 0.000000 -0.461112 0.000000 0.887342 1.000000 1.000000 1.000000
2848.086426 0.000000 2248.583252 0.000000 -0.096954 0.000000 0.995289 1.000000 1.000000 1.000000
2829.106201 0.000000 2230.094238 0.000000 -0.408163 0.000000 0.912909 1.000000 1.000000 1.000000
2792.798828 0.000000 2222.002197 0.000000 0.244949 0.000000 0.969536 1.000000 1.000000 1.000000
2781.595215 0.000000 2245.208252 0.000000 0.652359 0.000000 0.757910 1.000000 1.000000 1.000000
2776.973633 0.000000 2264.224854 0.000000 0.499596 0.000000 0.866259 1.000000 1.000000 1.000000
2750.849609 0.000000 2279.018799 0.000000 0.323828 0.000000 0.946116 1.000000 1.000000 1.000000
2724.462158 0.000000 2299.879883 0.000000 0.925669 0.000000 0.378334 1.000000 1.000000 1.000000
2744.705566 0.000000 2318.099854 0.000000 -0.955465 0.000000 -0.295105 1.000000 1.000000 1.000000
2749.957031 0.000000 2337.360352 0.000000 -0.138358 0.000000 -0.990382 1.000000 1.000000 1.000000
2712.820312 0.000000 2335.488037 0.000000 0.056245 0.000000 0.998417 1.000000 1.000000 1.000000
2689.219238 0.000000 2344.584473 0.000000 0.356513 0.000000 0.934291 1.000000 1.000000 1.000000
2648.808838 0.000000 2372.638184 0.000000 -0.036277 0.000000 0.999342 1.000000 1.000000 1.000000
2633.694336 0.000000 2368.291504 0.000000 -0.219333 0.000000 0.975650 1.000000 1.000000 1.000000
2622.785645 0.000000 2356.120605 0.000000 -0.585938 0.000000 0.810356 1.000000 1.000000 1.000000
2530.619385 0.000000 2118.194336 0.000000 -0.609086 0.000000 0.793104 1.000000 1.000000 1.000000
2529.605713 0.000000 2093.011230 0.000000 -0.692019 0.000000 0.721879 1.000000 1.000000 1.000000
2519.512451 0.000000 2058.773438 0.000000 -0.875041 0.000000 0.484048 1.000000 1.000000 1.000000
2532.821045 0.000000 2039.544922 0.000000 -0.897839 0.000000 0.440323 1.000000 1.000000 1.000000
2952.990234 0.000000 1192.565308 0.000000 0.186223 0.000000 0.982507 1.000000 1.000000 1.000000
2966.946777 0.000000 1180.548950 0.000000 0.483758 0.000000 0.875202 1.000000 1.000000 1.000000
3030.552979 0.000000 1088.577881 0.000000 0.222755 0.000000 0.974874 1.000000 1.000000 1.000000
3083.431152 0.000000 1032.721680 0.000000 0.160195 0.000000 0.987085 1.000000 1.000000 1.000000
3140.150146 0.000000 975.901367 0.000000 0.531158 0.000000 0.847273 1.000000 1.000000 1.000000
3143.791504 0.000000 953.657776 0.000000 0.751647 0.000000 0.659566 1.000000 1.000000 1.000000
3147.376465 0.000000 923.272827 0.000000 0.623863 0.000000 0.781534 1.000000 1.000000 1.000000
3167.960205 0.000000 882.778564 0.000000 0.416975 0.000000 0.908918 1.000000 1.000000 1.000000
3284.593018 0.000000 760.753723 0.000000 0.437393 0.000000 0.899270 1.000000 1.000000 1.000000
3301.532959 0.000000 745.926636 0.000000 0.353574 0.000000 0.935407 1.000000 1.000000 1.000000
3420.171143 0.000000 502.415985 0.000000 -0.011780 0.000000 0.999931 1.000000 1.000000 1.000000
3507.849365 0.000000 538.692810 0.000000 -0.098230 0.000000 0.995164 1.000000 1.000000 1.000000
3567.171875 0.000000 548.767456 0.000000 -0.133511 0.000000 0.991047 1.000000 1.000000 1.000000
3596.408203 0.000000 566.153381 0.000000 -0.178062 0.000000 0.984019 1.000000 1.000000 1.000000
3618.652344 0.000000 567.670044 0.000000 -0.010376 0.000000 0.999946 1.000000 1.000000 1.000000
3666.772461 0.000000 600.538086 0.000000 -0.216861 0.000000 0.976203 1.000000 1.000000 1.000000
3689.962402 0.000000 612.186523 0.000000 -0.196617 0.000000 0.980480 1.000000 1.000000 1.000000
3729.803711 0.000000 626.242126 0.000000 -0.169917 0.000000 0.985458 1.000000 1.000000 1.000000
3749.666016 0.000000 633.289856 0.000000 -0.177911 0.000000 0.984047 1.000000 1.000000 1.000000
3768.423340 0.000000 640.678284 0.000000 -0.163960 0.000000 0.986467 1.000000 1.000000 1.000000
3898.136719 0.000000 732.106628 0.000000 -0.081513 0.000000 0.996672 1.000000 1.000000 1.000000
3878.611816 0.000000 725.084167 0.000000 -0.206750 0.000000 0.978394 1.000000 1.000000 1.000000
3857.694580 0.000000 718.304565 0.000000 -0.161912 0.000000 0.986805 1.000000 1.000000 1.000000
3840.349609 0.000000 711.163330 0.000000 -0.161912 0.000000 0.986805 1.000000 1.000000 1.000000
4136.067383 0.000000 1055.259766 0.000000 -0.931844 0.000000 0.362858 1.000000 1.000000 1.000000
4123.583496 0.000000 1069.093262 0.000000 -0.921338 0.000000 0.388762 1.000000 1.000000 1.000000
4106.706543 0.000000 1086.857422 0.000000 -0.910643 0.000000 0.413195 1.000000 1.000000 1.000000
4007.693604 0.000000 1120.358521 0.000000 -0.935570 0.000000 0.353142 1.000000 1.000000 1.000000
3954.243408 0.000000 1210.626709 0.000000 0.834931 0.000000 0.550355 1.000000 1.000000 1.000000
3925.958496 0.000000 1174.783325 0.000000 0.885706 0.000000 0.464246 1.000000 1.000000 1.000000
3713.406006 0.000000 1188.613403 0.000000 0.873099 0.000000 0.487543 1.000000 1.000000 1.000000
3648.020752 0.000000 1396.362427 0.000000 -0.335267 0.000000 0.942123 1.000000 1.000000 1.000000
3672.842773 0.000000 1379.687134 0.000000 0.415838 0.000000 0.909439 1.000000 1.000000 1.000000
3682.695801 0.000000 1369.837036 0.000000 0.408915 0.000000 0.912573 1.000000 1.000000 1.000000
3695.941162 0.000000 1339.956665 0.000000 0.451880 0.000000 0.892079 1.000000 1.000000 1.000000
3710.521973 0.000000 1319.115723 0.000000 0.566057 0.000000 0.824366 1.000000 1.000000 1.000000
3768.338379 0.000000 1277.963379 0.000000 0.219779 0.000000 0.975550 1.000000 1.000000 1.000000
3795.482422 0.000000 1255.646729 0.000000 0.276384 0.000000 0.961047 1.000000 1.000000 1.000000
3818.209229 0.000000 1246.307739 0.000000 0.184574 0.000000 0.982819 1.000000 1.000000 1.000000
3851.440918 0.000000 1233.562866 0.000000 -0.102633 0.000000 0.994719 1.000000 1.000000 1.000000
3887.123291 0.000000 1227.885498 0.000000 0.136475 0.000000 0.990644 1.000000 1.000000 1.000000
3905.551514 0.000000 1233.717896 0.000000 -0.358821 0.000000 0.933406 1.000000 1.000000 1.000000
3995.781006 0.000000 1258.061035 0.000000 0.359191 0.000000 0.933264 1.000000 1.000000 1.000000
4035.460938 0.000000 1197.656006 0.000000 0.045974 0.000000 0.998943 1.000000 1.000000 1.000000
4068.404053 0.000000 1193.237915 0.000000 -0.016448 0.000000 0.999865 1.000000 1.000000 1.000000
4086.357178 0.000000 1194.357422 0.000000 -0.012664 0.000000 0.999920 1.000000 1.000000 1.000000
4123.368652 0.000000 1190.090454 0.000000 0.066540 0.000000 0.997784 1.000000 1.000000 1.000000
4151.068359 0.000000 1188.390137 0.000000 -0.036674 0.000000 0.999327 1.000000 1.000000 1.000000
4177.008301 0.000000 1189.168213 0.000000 0.056123 0.000000 0.998424 1.000000 1.000000 1.000000
4194.734375 0.000000 1187.480103 0.000000 0.063678 0.000000 0.997971 1.000000 1.000000 1.000000
4216.145508 0.000000 1183.099976 0.000000 0.110977 0.000000 0.993823 1.000000 1.000000 1.000000
4282.794434 0.000000 1195.410034 0.000000 -0.098777 0.000000 0.995110 1.000000 1.000000 1.000000
4338.579590 0.000000 1211.065063 0.000000 -0.086257 0.000000 0.996273 1.000000 1.000000 1.000000
4364.635254 0.000000 1209.448242 0.000000 0.006775 0.000000 0.999977 1.000000 1.000000 1.000000
4396.629395 0.000000 1215.952637 0.000000 -0.044846 0.000000 0.998994 1.000000 1.000000 1.000000
4418.522461 0.000000 1220.333374 0.000000 -0.099141 0.000000 0.995073 1.000000 1.000000 1.000000
4443.162109 0.000000 1226.279907 0.000000 -0.156640 0.000000 0.987656 1.000000 1.000000 1.000000
4821.133301 0.000000 1027.896729 0.000000 0.531805 0.000000 0.846867 1.000000 1.000000 1.000000
4820.452637 0.000000 1002.262085 0.000000 0.773031 0.000000 0.634368 1.000000 1.000000 1.000000
4824.590820 0.000000 963.462158 0.000000 0.555318 0.000000 0.831638 1.000000 1.000000 1.000000
4830.756348 0.000000 943.287354 0.000000 0.648790 0.000000 0.760967 1.000000 1.000000 1.000000
4839.568848 0.000000 907.146179 0.000000 0.618050 0.000000 0.786139 1.000000 1.000000 1.000000
4848.522949 0.000000 881.575012 0.000000 0.528544 0.000000 0.848906 1.000000 1.000000 1.000000
4858.461426 0.000000 858.693665 0.000000 0.566887 0.000000 0.823795 1.000000 1.000000 1.000000
4868.513672 0.000000 831.265259 0.000000 0.599115 0.000000 0.800663 1.000000 1.000000 1.000000
4873.712891 0.000000 808.662781 0.000000 0.620686 0.000000 0.784060 1.000000 1.000000 1.000000
4880.695312 0.000000 790.796570 0.000000 0.533716 0.000000 0.845664 1.000000 1.000000 1.000000
4889.929199 0.000000 771.183167 0.000000 0.520073 0.000000 0.854122 1.000000 1.000000 1.000000
4903.389648 0.000000 750.988281 0.000000 0.476316 0.000000 0.879274 1.000000 1.000000 1.000000
4942.051270 0.000000 696.195129 0.000000 0.489357 0.000000 0.872083 1.000000 1.000000 1.000000
4950.822266 0.000000 677.756104 0.000000 0.568646 0.000000 0.822583 1.000000 1.000000 1.000000
4976.542480 0.000000 608.499634 0.000000 0.547528 0.000000 0.836788 1.000000 1.000000 1.000000
4988.747070 0.000000 582.470764 0.000000 0.524133 0.000000 0.851636 1.000000 1.000000 1.000000
5009.926270 0.000000 557.814636 0.000000 0.296266 0.000000 0.955105 1.000000 1.000000 1.000000
5027.493652 0.000000 537.315125 0.000000 0.490581 0.000000 0.871396 1.000000 1.000000 1.000000
5041.274414 0.000000 511.015839 0.000000 0.553438 0.000000 0.832890 1.000000 1.000000 1.000000
5049.565430 0.000000 491.612488 0.000000 0.514693 0.000000 0.857375 1.000000 1.000000 1.000000
5067.140137 0.000000 454.834045 0.000000 0.576252 0.000000 0.817272 1.000000 1.000000 1.000000
5074.450684 0.000000 436.815674 0.000000 0.554404 0.000000 0.832248 1.000000 1.000000 1.000000
5103.180664 0.000000 389.959595 0.000000 0.377886 0.000000 0.925852 1.000000 1.000000 1.000000
5118.737793 0.000000 375.258453 0.000000 0.345625 0.000000 0.938373 1.000000 1.000000 1.000000
5134.185547 0.000000 363.854187 0.000000 0.255084 0.000000 0.966919 1.000000 1.000000 1.000000
5167.901855 0.000000 365.265259 0.000000 -0.268279 0.000000 0.963341 1.000000 1.000000 1.000000
5292.310059 0.000000 328.506653 0.000000 0.633002 0.000000 0.774150 1.000000 1.000000 1.000000
5297.874023 0.000000 304.403900 0.000000 0.580981 0.000000 0.813917 1.000000 1.000000 1.000000
5308.645020 0.000000 281.070831 0.000000 0.520959 0.000000 0.853582 1.000000 1.000000 1.000000
5333.065918 0.000000 259.730072 0.000000 0.118132 0.000000 0.992998 1.000000 1.000000 1.000000
5359.840820 0.000000 263.666077 0.000000 -0.212718 0.000000 0.977114 1.000000 1.000000 1.000000
5370.665039 0.000000 900.461487 0.000000 -0.316195 0.000000 0.948694 1.000000 1.000000 1.000000
5938.065918 0.000000 1013.963013 0.000000 0.752069 0.000000 0.659084 1.000000 1.000000 1.000000
5933.776855 0.000000 990.487366 0.000000 0.787535 0.000000 0.616270 1.000000 1.000000 1.000000
5929.772949 0.000000 966.217590 0.000000 0.778347 0.000000 0.627834 1.000000 1.000000 1.000000
6016.303711 0.000000 963.767212 0.000000 -0.502132 0.000000 0.864791 1.000000 1.000000 1.000000
6123.593262 0.000000 961.260437 0.000000 0.623839 0.000000 0.781553 1.000000 1.000000 1.000000
6129.367676 0.000000 934.297791 0.000000 0.659041 0.000000 0.752107 1.000000 1.000000 1.000000
3797.401855 0.000000 1807.264282 0.000000 0.994685 0.000000 0.102962 1.000000 1.000000 1.000000
3768.575928 0.000000 1798.281982 0.000000 0.991980 0.000000 0.126396 1.000000 1.000000 1.000000
3740.690430 0.000000 1789.420776 0.000000 0.981065 0.000000 0.193680 1.000000 1.000000 1.000000
3656.444580 0.000000 1801.294800 0.000000 -0.961804 0.000000 0.273739 1.000000 1.000000 1.000000
3678.285645 0.000000 1789.268311 0.000000 -0.990388 0.000000 0.138314 1.000000 1.000000 1.000000
3577.509766 0.000000 1855.480469 0.000000 -0.795905 0.000000 0.605421 1.000000 1.000000 1.000000
3556.691406 0.000000 2070.775146 0.000000 -0.874079 0.000000 0.485783 1.000000 1.000000 1.000000
3539.216797 0.000000 2093.059814 0.000000 -0.911523 0.000000 0.411249 1.000000 1.000000 1.000000
3523.125000 0.000000 2110.372314 0.000000 -0.911523 0.000000 0.411249 1.000000 1.000000 1.000000
3506.526855 0.000000 2130.708740 0.000000 0.904267 0.000000 -0.426967 1.000000 1.000000 1.000000
3491.996338 0.000000 2149.559570 0.000000 -0.899579 0.000000 0.436758 1.000000 1.000000 1.000000
3455.057861 0.000000 2246.018799 0.000000 0.892008 0.000000 -0.452020 1.000000 1.000000 1.000000
3449.628174 0.000000 2336.622314 0.000000 -0.518456 0.000000 0.855105 1.000000 1.000000 1.000000
3442.406982 0.000000 2316.130127 0.000000 -0.640016 0.000000 0.768362 1.000000 1.000000 1.000000
"}
object={
	name="env_coast_foam_m"
	render_pass=MapUnderWater
	clamp_to_water_level=yes
	generated_content=no
	layer="coast_foam_layer"
	entity="env_coast_foam_m"
	count=370
	transform="966.030457 0.000000 2724.600098 0.000000 -0.278451 0.000000 0.960450 1.000000 1.000000 1.000000
1030.579468 0.000000 2759.437988 0.000000 0.636532 0.000000 -0.771250 1.000000 1.000000 1.000000
1059.586182 0.000000 2847.778564 0.000000 0.510965 0.000000 -0.859602 1.000000 1.000000 1.000000
721.720886 0.000000 2806.762939 0.000000 -0.996188 0.000000 0.087233 1.000000 1.000000 1.000000
836.362732 0.000000 3328.842285 0.000000 -0.344494 0.000000 0.938788 1.000000 1.000000 1.000000
1045.002686 0.000000 2890.877197 0.000000 0.949892 0.000000 -0.312578 1.000000 1.000000 1.000000
962.354675 0.000000 3004.390869 0.000000 0.952846 0.000000 -0.303454 1.000000 1.000000 1.000000
896.398315 0.000000 3248.989258 0.000000 -0.401612 0.000000 0.915810 1.000000 1.000000 1.000000
819.267151 0.000000 3289.617676 0.000000 -0.993348 0.000000 -0.115151 1.000000 1.000000 1.000000
424.578613 0.000000 2834.675537 0.000000 0.015209 0.000000 0.999884 1.000000 1.000000 1.000000
442.229309 0.000000 2823.941895 0.000000 0.000000 0.000000 1.000000 1.000000 1.000000 1.000000
453.184814 0.000000 2946.882324 0.000000 0.288679 0.000000 0.957426 1.000000 1.000000 1.000000
658.988647 0.000000 3088.841064 0.000000 -0.776692 0.000000 0.629881 1.000000 1.000000 1.000000
518.408936 0.000000 3060.248535 0.000000 0.207929 0.000000 0.978144 1.000000 1.000000 1.000000
1018.481995 0.000000 2745.812744 0.000000 -0.169564 0.000000 0.985519 1.000000 1.000000 1.000000
988.397217 0.000000 2731.813232 0.000000 -0.219407 0.000000 0.975633 1.000000 1.000000 1.000000
781.317078 0.000000 2731.887939 0.000000 -0.033952 0.000000 0.999423 1.000000 1.000000 1.000000
713.861450 0.000000 2861.264404 0.000000 -0.974880 0.000000 -0.222730 1.000000 1.000000 1.000000
714.920410 0.000000 2922.580811 0.000000 0.964308 0.000000 0.264782 1.000000 1.000000 1.000000
729.981201 0.000000 2893.266846 0.000000 0.682582 0.000000 0.730809 1.000000 1.000000 1.000000
721.242371 0.000000 3123.970703 0.000000 0.329575 0.000000 0.944129 1.000000 1.000000 1.000000
720.141479 0.000000 3109.983643 0.000000 0.883825 0.000000 0.467817 1.000000 1.000000 1.000000
593.000488 0.000000 3241.189209 0.000000 0.935995 0.000000 0.352014 1.000000 1.000000 1.000000
731.091553 0.000000 3352.266602 0.000000 0.884445 0.000000 0.466644 1.000000 1.000000 1.000000
829.188293 0.000000 3385.372559 0.000000 0.728480 0.000000 0.685067 1.000000 1.000000 1.000000
940.620239 0.000000 3464.187500 0.000000 0.293110 0.000000 0.956079 1.000000 1.000000 1.000000
935.653137 0.000000 2612.885498 0.000000 0.989253 0.000000 0.146213 1.000000 1.000000 1.000000
878.371216 0.000000 2631.072266 0.000000 -0.875407 0.000000 0.483387 1.000000 1.000000 1.000000
850.404785 0.000000 2648.119385 0.000000 0.991058 0.000000 -0.133433 1.000000 1.000000 1.000000
900.655762 0.000000 2726.267090 0.000000 0.034409 0.000000 0.999408 1.000000 1.000000 1.000000
1037.632202 0.000000 2733.961914 0.000000 0.954962 0.000000 0.296729 1.000000 1.000000 1.000000
820.830566 0.000000 2565.695557 0.000000 0.984761 0.000000 0.173911 1.000000 1.000000 1.000000
795.185242 0.000000 2563.245605 0.000000 0.969367 0.000000 0.245618 1.000000 1.000000 1.000000
782.508911 0.000000 2566.866699 0.000000 0.887217 0.000000 -0.461353 1.000000 1.000000 1.000000
774.120728 0.000000 2579.303223 0.000000 0.872704 0.000000 -0.488250 1.000000 1.000000 1.000000
725.998413 0.000000 2578.199707 0.000000 0.999696 0.000000 -0.024653 1.000000 1.000000 1.000000
703.474976 0.000000 2578.465820 0.000000 0.998722 0.000000 0.050534 1.000000 1.000000 1.000000
679.511353 0.000000 2574.268311 0.000000 0.980811 0.000000 0.194959 1.000000 1.000000 1.000000
665.864624 0.000000 2553.861328 0.000000 -0.703055 0.000000 -0.711135 1.000000 1.000000 1.000000
678.593201 0.000000 2530.566162 0.000000 0.998574 0.000000 0.053376 1.000000 1.000000 1.000000
849.682190 0.000000 2160.773193 0.000000 0.871360 0.000000 0.490644 1.000000 1.000000 1.000000
835.081665 0.000000 2150.510254 0.000000 -0.987413 0.000000 -0.158166 1.000000 1.000000 1.000000
818.603088 0.000000 2145.080811 0.000000 0.999088 0.000000 0.042707 1.000000 1.000000 1.000000
768.969177 0.000000 2155.127441 0.000000 0.988846 0.000000 0.148945 1.000000 1.000000 1.000000
748.736755 0.000000 2157.412354 0.000000 -0.981820 0.000000 0.189816 1.000000 1.000000 1.000000
620.688843 0.000000 2170.922119 0.000000 0.962405 0.000000 -0.271619 1.000000 1.000000 1.000000
625.275513 0.000000 1644.000366 0.000000 0.055551 0.000000 0.998456 0.721474 0.721474 0.721474
616.672668 0.000000 1649.459595 0.000000 0.359469 0.000000 0.933157 0.721474 0.721474 0.721474
454.053741 0.000000 1313.536987 0.000000 0.533880 0.000000 0.845560 1.000000 1.000000 1.000000
445.182495 0.000000 1325.966187 0.000000 0.391197 0.000000 0.920307 1.000000 1.000000 1.000000
440.648346 0.000000 1345.036987 0.000000 0.719007 0.000000 0.695003 1.000000 1.000000 1.000000
1145.481812 0.000000 2771.550293 0.000000 0.576227 0.000000 0.817289 0.663208 0.663208 0.663208
1231.073853 0.000000 2895.144531 0.000000 0.902281 0.000000 0.431149 1.000000 1.000000 1.000000
1433.325439 0.000000 2931.815674 0.000000 0.805322 0.000000 0.592838 1.000000 1.000000 1.000000
1550.445557 0.000000 3159.079834 0.000000 -0.691777 0.000000 0.722112 1.000000 1.000000 1.000000
1563.987793 0.000000 3136.895508 0.000000 0.998024 0.000000 -0.062829 1.000000 1.000000 1.000000
1542.883545 0.000000 2982.369385 0.000000 -0.965615 0.000000 0.259975 1.000000 1.000000 1.000000
1600.567505 0.000000 2992.215820 0.000000 -0.017791 0.000000 0.999842 1.000000 1.000000 1.000000
1693.787842 0.000000 3043.678711 0.000000 -0.154922 0.000000 0.987927 1.000000 1.000000 1.000000
1726.672241 0.000000 3048.694824 0.000000 -0.427598 0.000000 0.903969 1.000000 1.000000 1.000000
1726.707886 0.000000 3063.517090 0.000000 -0.833264 0.000000 0.552875 1.000000 1.000000 1.000000
1729.710938 0.000000 3081.754883 0.000000 -0.420744 0.000000 0.907179 1.000000 1.000000 1.000000
1806.329224 0.000000 3095.887207 0.000000 -0.437997 0.000000 0.898977 1.000000 1.000000 1.000000
1813.137329 0.000000 3112.492676 0.000000 -0.566862 0.000000 0.823813 1.000000 1.000000 1.000000
1758.666138 0.000000 3094.970703 0.000000 0.000854 0.000000 1.000000 1.000000 1.000000 1.000000
1935.003784 0.000000 3194.587402 0.000000 -0.704514 0.000000 0.709690 1.000000 1.000000 1.000000
1949.027954 0.000000 3214.692139 0.000000 -0.456801 0.000000 0.889569 1.000000 1.000000 1.000000
1887.492676 0.000000 3284.698975 0.000000 -0.408692 0.000000 0.912672 1.000000 1.000000 1.000000
1918.469971 0.000000 3364.201660 0.000000 -0.794684 0.000000 0.607023 1.000000 1.000000 1.000000
1889.506104 0.000000 3390.744141 0.000000 -0.928086 0.000000 0.372366 1.000000 1.000000 1.000000
1863.146118 0.000000 3407.638916 0.000000 -0.992937 0.000000 0.118642 1.000000 1.000000 1.000000
1864.683105 0.000000 3523.165771 0.000000 -0.409138 0.000000 0.912473 1.000000 1.000000 1.000000
1877.888062 0.000000 3538.636230 0.000000 -0.533509 0.000000 0.845794 1.000000 1.000000 1.000000
1891.896484 0.000000 3554.187256 0.000000 -0.437393 0.000000 0.899270 1.000000 1.000000 1.000000
1901.414307 0.000000 3567.443359 0.000000 -0.031214 0.000000 0.999513 1.000000 1.000000 1.000000
1915.401367 0.000000 3577.134521 0.000000 -0.431125 0.000000 0.902292 1.000000 1.000000 1.000000
1941.360718 0.000000 3593.216797 0.000000 -0.307526 0.000000 0.951540 1.000000 1.000000 1.000000
1972.850586 0.000000 3609.385010 0.000000 -0.463169 0.000000 0.886270 1.000000 1.000000 1.000000
1988.682495 0.000000 3678.371582 0.000000 -0.368032 0.000000 0.929813 1.000000 1.000000 1.000000
1995.323975 0.000000 3692.631104 0.000000 0.654570 0.000000 -0.756001 1.000000 1.000000 1.000000
2007.409546 0.000000 3705.161133 0.000000 -0.115040 0.000000 0.993361 1.000000 1.000000 1.000000
2030.716064 0.000000 3725.145996 0.000000 0.329943 0.000000 0.944001 1.000000 1.000000 1.000000
2049.659424 0.000000 3723.227539 0.000000 -0.055483 0.000000 0.998460 1.000000 1.000000 1.000000
2122.946289 0.000000 3684.365479 0.000000 0.696324 0.000000 0.717727 1.000000 1.000000 1.000000
2100.145752 0.000000 3667.791504 0.000000 0.696040 0.000000 0.718003 1.000000 1.000000 1.000000
2095.468262 0.000000 3651.394531 0.000000 0.878694 0.000000 0.477385 1.000000 1.000000 1.000000
2081.611084 0.000000 3632.028809 0.000000 0.909542 0.000000 0.415611 1.000000 1.000000 1.000000
2069.188965 0.000000 3618.602539 0.000000 0.925761 0.000000 0.378108 1.000000 1.000000 1.000000
2058.207031 0.000000 3608.400879 0.000000 -0.992472 0.000000 -0.122468 1.000000 1.000000 1.000000
2041.759888 0.000000 3604.335938 0.000000 0.970391 0.000000 0.241541 0.688574 0.688574 0.688574
2032.166138 0.000000 3594.075439 0.000000 0.877672 0.000000 0.479261 1.000000 1.000000 1.000000
2022.406250 0.000000 3580.563721 0.000000 0.923401 0.000000 0.383836 1.000000 1.000000 1.000000
2008.267212 0.000000 3571.820557 0.000000 0.987188 0.000000 0.159558 1.000000 1.000000 1.000000
1987.565186 0.000000 3564.315186 0.000000 0.467734 0.000000 0.883869 0.850244 0.850244 0.850244
2010.742920 0.000000 3427.972412 0.000000 0.802982 0.000000 0.596004 1.000000 1.000000 1.000000
2010.147949 0.000000 3403.515137 0.000000 0.478327 0.000000 0.878182 1.000000 1.000000 1.000000
1952.734863 0.000000 3363.946289 0.000000 0.295829 0.000000 0.955241 1.000000 1.000000 1.000000
1967.891113 0.000000 3357.384521 0.000000 0.188981 0.000000 0.981981 1.000000 1.000000 1.000000
2096.452393 0.000000 3331.721924 0.000000 0.000000 0.000000 1.000000 1.000000 1.000000 1.000000
1764.359009 0.000000 2950.972656 0.000000 0.993915 0.000000 0.110154 1.000000 1.000000 1.000000
1975.321777 0.000000 2966.411133 0.000000 0.992053 0.000000 0.125821 1.000000 1.000000 1.000000
1995.690308 0.000000 2978.753662 0.000000 0.886003 0.000000 0.463679 1.000000 1.000000 1.000000
2019.289795 0.000000 3008.254883 0.000000 -0.999866 0.000000 -0.016392 1.000000 1.000000 1.000000
2105.345947 0.000000 3193.067139 0.000000 -0.827945 0.000000 0.560809 1.000000 1.000000 1.000000
2150.705811 0.000000 3146.903076 0.000000 -0.984404 0.000000 0.175925 1.000000 1.000000 1.000000
2178.096191 0.000000 3177.286865 0.000000 0.587421 0.000000 0.809281 1.000000 1.000000 1.000000
2070.987061 0.000000 3270.301270 0.000000 0.128065 0.000000 0.991766 1.000000 1.000000 1.000000
2158.307129 0.000000 3306.626465 0.000000 -0.995789 0.000000 -0.091672 1.000000 1.000000 1.000000
2257.037354 0.000000 3308.593994 0.000000 0.656973 0.000000 0.753914 1.000000 1.000000 1.000000
2263.623047 0.000000 3356.081543 0.000000 0.510710 0.000000 0.859753 1.000000 1.000000 1.000000
2115.000244 0.000000 3335.179932 0.000000 0.000000 0.000000 1.000000 1.000000 1.000000 1.000000
1673.007446 0.000000 3042.773682 0.000000 0.159985 0.000000 0.987119 1.000000 1.000000 1.000000
1652.142456 0.000000 3144.304199 0.000000 0.551607 0.000000 0.834104 1.000000 1.000000 1.000000
1634.512451 0.000000 3169.256592 0.000000 0.517842 0.000000 0.855476 1.000000 1.000000 1.000000
1606.564697 0.000000 3234.630859 0.000000 0.610235 0.000000 0.792221 1.000000 1.000000 1.000000
1598.371460 0.000000 3278.980713 0.000000 0.643877 0.000000 0.765129 1.000000 1.000000 1.000000
1425.865967 0.000000 3247.513184 0.000000 0.090422 0.000000 0.995904 1.000000 1.000000 1.000000
1391.446167 0.000000 3266.600098 0.000000 0.296223 0.000000 0.955119 1.000000 1.000000 1.000000
1378.229492 0.000000 3277.002686 0.000000 0.344365 0.000000 0.938836 1.000000 1.000000 1.000000
1352.122681 0.000000 3351.133301 0.000000 0.850445 0.000000 0.526064 1.000000 1.000000 1.000000
1353.508057 0.000000 3376.768799 0.000000 0.732368 0.000000 0.680909 1.000000 1.000000 1.000000
1355.412720 0.000000 3418.061523 0.000000 0.719661 0.000000 0.694325 1.000000 1.000000 1.000000
1683.163940 0.000000 3892.262939 0.000000 -0.856814 0.000000 -0.515625 1.000000 1.000000 1.000000
1765.681763 0.000000 3954.771484 0.000000 -0.943444 0.000000 -0.331531 1.000000 1.000000 1.000000
1021.359436 0.000000 2802.153564 0.000000 -0.379722 0.000000 0.925101 1.000000 1.000000 1.000000
211.339035 0.000000 3832.990723 0.000000 0.136639 0.000000 0.990621 1.000000 1.000000 1.000000
417.381805 0.000000 3809.075684 0.000000 -0.148553 0.000000 0.988904 1.000000 1.000000 1.000000
457.278870 0.000000 3815.006592 0.000000 -0.305576 0.000000 0.952168 1.000000 1.000000 1.000000
493.013153 0.000000 3838.235352 0.000000 -0.220215 0.000000 0.975451 1.000000 1.000000 1.000000
519.380371 0.000000 3898.058350 0.000000 -0.963176 0.000000 0.268870 1.000000 1.000000 1.000000
503.431427 0.000000 3943.850830 0.000000 -0.081358 0.000000 0.996685 1.000000 1.000000 1.000000
482.799622 0.000000 3948.879639 0.000000 0.996367 0.000000 0.085166 1.000000 1.000000 1.000000
444.140503 0.000000 3958.885986 0.000000 0.776064 0.000000 0.630654 1.000000 1.000000 1.000000
413.720398 0.000000 3948.701416 0.000000 0.940210 0.000000 0.340594 1.000000 1.000000 1.000000
317.451965 0.000000 3948.637207 0.000000 0.798478 0.000000 0.602024 1.000000 1.000000 1.000000
288.536652 0.000000 3985.506592 0.000000 -0.894699 0.000000 0.446669 1.000000 1.000000 1.000000
3678.858398 0.000000 252.886368 0.000000 -0.475806 0.000000 0.879550 1.000000 1.000000 1.000000
3688.323242 0.000000 264.373322 0.000000 -0.345540 0.000000 0.938404 1.000000 1.000000 1.000000
3768.230957 0.000000 433.794098 0.000000 -0.669512 0.000000 0.742802 1.000000 1.000000 1.000000
3765.687012 0.000000 452.262878 0.000000 -0.663094 0.000000 0.748536 1.000000 1.000000 1.000000
3756.463867 0.000000 480.519257 0.000000 0.990981 0.000000 -0.134000 1.000000 1.000000 1.000000
3718.676514 0.000000 463.249817 0.000000 0.972312 0.000000 0.233685 1.000000 1.000000 1.000000
3677.833496 0.000000 449.488007 0.000000 -0.981626 0.000000 -0.190813 1.000000 1.000000 1.000000
3663.871338 0.000000 445.137817 0.000000 -0.993293 0.000000 -0.115621 1.000000 1.000000 1.000000
3647.673584 0.000000 444.904388 0.000000 -0.996757 0.000000 0.080475 1.000000 1.000000 1.000000
3575.779053 0.000000 435.478577 0.000000 -0.989744 0.000000 -0.142855 1.000000 1.000000 1.000000
3560.453857 0.000000 425.157104 0.000000 0.965782 0.000000 0.259356 1.000000 1.000000 1.000000
3508.232422 0.000000 419.858002 0.000000 0.996072 0.000000 -0.088542 1.000000 1.000000 1.000000
3468.196289 0.000000 404.095490 0.000000 0.969887 0.000000 0.243554 1.000000 1.000000 1.000000
3452.265625 0.000000 401.857758 0.000000 0.999771 0.000000 -0.021396 1.000000 1.000000 1.000000
3438.152832 0.000000 402.625275 0.000000 0.996102 0.000000 -0.088208 1.000000 1.000000 1.000000
3366.111328 0.000000 463.425537 0.000000 -0.170759 0.000000 0.985313 1.000000 1.000000 1.000000
3380.851562 0.000000 471.617310 0.000000 -0.242522 0.000000 0.970146 1.000000 1.000000 1.000000
3385.475830 0.000000 493.082886 0.000000 -0.800355 0.000000 0.599527 1.000000 1.000000 1.000000
2436.792725 0.000000 1317.281860 0.000000 0.994937 0.000000 0.100503 1.000000 1.000000 1.000000
2422.953613 0.000000 1324.901733 0.000000 -0.861155 0.000000 0.508343 1.000000 1.000000 1.000000
2315.680176 0.000000 1350.880493 0.000000 -0.728522 0.000000 0.685022 1.000000 1.000000 1.000000
2239.434326 0.000000 1378.872681 0.000000 0.999636 0.000000 -0.026979 1.000000 1.000000 1.000000
2214.545410 0.000000 1373.367676 0.000000 0.923272 0.000000 0.384146 1.000000 1.000000 1.000000
1561.560547 0.000000 1645.655029 0.000000 -0.959193 0.000000 0.282752 1.000000 1.000000 1.000000
1543.268921 0.000000 1651.376831 0.000000 0.979035 0.000000 -0.203693 1.000000 1.000000 1.000000
1277.044189 0.000000 1631.828247 0.000000 -0.922167 0.000000 0.386793 1.000000 1.000000 1.000000
1261.092163 0.000000 1642.310425 0.000000 0.971985 0.000000 -0.235044 1.000000 1.000000 1.000000
1185.650513 0.000000 1649.463257 0.000000 0.976240 0.000000 0.216692 1.000000 1.000000 1.000000
1120.296143 0.000000 1638.599854 0.000000 -0.980964 0.000000 0.194188 1.000000 1.000000 1.000000
715.804260 0.000000 1581.668945 0.000000 -0.991539 0.000000 0.129809 1.000000 1.000000 1.000000
728.115723 0.000000 1580.931885 0.000000 -0.998548 0.000000 -0.053872 1.000000 1.000000 1.000000
767.522339 0.000000 1581.398438 0.000000 0.963133 0.000000 -0.269026 1.000000 1.000000 1.000000
780.068604 0.000000 1576.927246 0.000000 -0.998713 0.000000 -0.050711 1.000000 1.000000 1.000000
794.320435 0.000000 1581.889648 0.000000 0.949821 0.000000 0.312794 1.000000 1.000000 1.000000
809.833557 0.000000 1579.598633 0.000000 -0.852800 0.000000 0.522237 1.000000 1.000000 1.000000
590.330627 0.000000 1528.462402 0.000000 -0.892335 0.000000 -0.451374 1.000000 1.000000 1.000000
579.105103 0.000000 1518.374146 0.000000 0.962135 0.000000 0.272572 1.000000 1.000000 1.000000
1678.841675 0.000000 1369.138184 0.000000 0.994422 0.000000 -0.105475 1.000000 1.000000 1.000000
667.878723 0.000000 1653.652344 0.000000 -0.487839 0.000000 0.872933 1.000000 1.000000 1.000000
679.904358 0.000000 1661.902710 0.000000 -0.201851 0.000000 0.979416 1.000000 1.000000 1.000000
708.146545 0.000000 1671.259644 0.000000 -0.386931 0.000000 0.922109 1.000000 1.000000 1.000000
720.012268 0.000000 1676.172607 0.000000 -0.002541 0.000000 0.999997 1.000000 1.000000 1.000000
803.705017 0.000000 1667.517700 0.000000 0.164998 0.000000 0.986294 1.000000 1.000000 1.000000
820.040405 0.000000 1670.785400 0.000000 -0.412191 0.000000 0.911097 1.000000 1.000000 1.000000
1049.437134 0.000000 1968.049927 0.000000 -0.132105 0.000000 0.991236 1.000000 1.000000 1.000000
1117.016113 0.000000 2091.615723 0.000000 -0.702671 0.000000 0.711515 1.000000 1.000000 1.000000
1124.174805 0.000000 2107.102539 0.000000 -0.379581 0.000000 0.925159 1.000000 1.000000 1.000000
1236.076294 0.000000 2109.691650 0.000000 0.100219 0.000000 0.994965 1.000000 1.000000 1.000000
1256.861572 0.000000 2097.802002 0.000000 0.184409 0.000000 0.982850 1.000000 1.000000 1.000000
1365.424316 0.000000 2133.022461 0.000000 -0.204510 0.000000 0.978864 1.000000 1.000000 1.000000
1379.515625 0.000000 2137.620850 0.000000 -0.116495 0.000000 0.993191 1.000000 1.000000 1.000000
1436.770142 0.000000 2181.135986 0.000000 -0.187273 0.000000 0.982308 1.000000 1.000000 1.000000
1513.879028 0.000000 2149.681641 0.000000 0.273978 0.000000 0.961736 1.000000 1.000000 1.000000
1568.325684 0.000000 2050.700439 0.000000 0.291351 0.000000 0.956616 1.000000 1.000000 1.000000
1535.141357 0.000000 2059.504150 0.000000 -0.994730 0.000000 -0.102531 1.000000 1.000000 1.000000
1478.579956 0.000000 2061.797119 0.000000 0.742181 0.000000 0.670199 1.000000 1.000000 1.000000
1453.751953 0.000000 2047.636963 0.000000 -0.988627 0.000000 -0.150387 1.000000 1.000000 1.000000
1442.637939 0.000000 2036.858887 0.000000 0.804135 0.000000 0.594446 1.000000 1.000000 1.000000
1450.648438 0.000000 1915.781494 0.000000 0.969809 0.000000 0.243865 1.000000 1.000000 1.000000
1435.212769 0.000000 1882.361938 0.000000 0.540730 0.000000 0.841196 1.000000 1.000000 1.000000
1517.545410 0.000000 1787.849976 0.000000 -0.649394 0.000000 0.760452 1.000000 1.000000 1.000000
1520.923706 0.000000 1824.833496 0.000000 -0.667185 0.000000 0.744892 1.000000 1.000000 1.000000
1521.854248 0.000000 1839.109131 0.000000 -0.695601 0.000000 0.718428 1.000000 1.000000 1.000000
1518.452881 0.000000 1851.717651 0.000000 0.886388 0.000000 -0.462943 1.000000 1.000000 1.000000
1518.596436 0.000000 1863.533447 0.000000 -0.498379 0.000000 0.866959 1.000000 1.000000 1.000000
1712.247681 0.000000 1936.028076 0.000000 -0.230409 0.000000 0.973094 1.000000 1.000000 1.000000
1841.916016 0.000000 1664.510620 0.000000 -0.575903 0.000000 0.817518 1.000000 1.000000 1.000000
1846.101929 0.000000 1681.104248 0.000000 -0.611407 0.000000 0.791317 1.000000 1.000000 1.000000
1864.034302 0.000000 1705.436157 0.000000 0.627089 0.000000 0.778947 1.000000 1.000000 1.000000
1882.083496 0.000000 1694.632568 0.000000 -0.070407 0.000000 0.997518 1.000000 1.000000 1.000000
1895.009277 0.000000 1704.045654 0.000000 -0.505953 0.000000 0.862561 1.000000 1.000000 1.000000
1902.247559 0.000000 1717.838257 0.000000 -0.460557 0.000000 0.887630 1.000000 1.000000 1.000000
1778.193848 0.000000 1889.315796 0.000000 0.904219 0.000000 0.427069 1.000000 1.000000 1.000000
1785.220947 0.000000 1880.406128 0.000000 -0.298947 0.000000 0.954270 1.000000 1.000000 1.000000
1858.451050 0.000000 1843.825806 0.000000 0.435993 0.000000 0.899950 1.000000 1.000000 1.000000
1864.516602 0.000000 1829.274658 0.000000 0.669602 0.000000 0.742720 1.000000 1.000000 1.000000
1846.827881 0.000000 1846.729004 0.000000 -0.113979 0.000000 0.993483 1.000000 1.000000 1.000000
1874.117676 0.000000 1807.371948 0.000000 0.404301 0.000000 0.914626 1.000000 1.000000 1.000000
1880.000244 0.000000 1793.694214 0.000000 0.629535 0.000000 0.776973 1.000000 1.000000 1.000000
1883.914429 0.000000 1778.322144 0.000000 0.605789 0.000000 0.795626 1.000000 1.000000 1.000000
1945.820801 0.000000 1787.956787 0.000000 -0.763903 0.000000 0.645332 1.000000 1.000000 1.000000
1938.802002 0.000000 1811.097900 0.000000 -0.951850 0.000000 0.306563 1.000000 1.000000 1.000000
1920.205322 0.000000 1822.503418 0.000000 -0.987592 0.000000 0.157042 1.000000 1.000000 1.000000
1916.942871 0.000000 1858.634033 0.000000 -0.564559 0.000000 0.825392 1.000000 1.000000 1.000000
1924.520996 0.000000 1871.034180 0.000000 -0.455946 0.000000 0.890008 1.000000 1.000000 1.000000
1950.987427 0.000000 1872.751221 0.000000 0.224585 0.000000 0.974455 1.000000 1.000000 1.000000
1969.520996 0.000000 1869.756104 0.000000 0.026181 0.000000 0.999657 1.000000 1.000000 1.000000
1932.652832 0.000000 1928.974487 0.000000 -0.972177 0.000000 0.234249 1.000000 1.000000 1.000000
1915.099976 0.000000 1935.013672 0.000000 -0.986021 0.000000 0.166619 1.000000 1.000000 1.000000
1806.801147 0.000000 1997.725708 0.000000 -0.948333 0.000000 0.317277 1.000000 1.000000 1.000000
1821.979614 0.000000 1990.584717 0.000000 -0.997940 0.000000 0.064160 1.000000 1.000000 1.000000
1821.269897 0.000000 2127.106445 0.000000 -0.370480 0.000000 -0.928841 1.000000 1.000000 1.000000
1992.866333 0.000000 2037.205444 0.000000 0.299180 0.000000 0.954197 1.000000 1.000000 1.000000
2016.559937 0.000000 2023.954102 0.000000 0.299820 0.000000 0.953996 1.000000 1.000000 1.000000
2093.019043 0.000000 1852.683105 0.000000 0.351404 0.000000 0.936224 1.000000 1.000000 1.000000
2088.537842 0.000000 1825.425537 0.000000 0.408079 0.000000 0.912947 1.000000 1.000000 1.000000
2105.827393 0.000000 1806.493652 0.000000 0.207646 0.000000 0.978204 1.000000 1.000000 1.000000
2124.333008 0.000000 1801.196167 0.000000 0.368940 0.000000 0.929453 1.000000 1.000000 1.000000
2153.450684 0.000000 1689.884155 0.000000 0.357311 0.000000 0.933986 1.000000 1.000000 1.000000
2148.377930 0.000000 1714.040283 0.000000 0.043108 0.000000 0.999070 1.000000 1.000000 1.000000
2187.646484 0.000000 1733.808472 0.000000 -0.183944 0.000000 0.982937 1.000000 1.000000 1.000000
2206.612793 0.000000 1645.011108 0.000000 0.605400 0.000000 0.795921 1.000000 1.000000 1.000000
2250.702393 0.000000 1627.214722 0.000000 0.499940 0.000000 0.866060 1.000000 1.000000 1.000000
2256.609375 0.000000 1613.093262 0.000000 0.624387 0.000000 0.781115 1.000000 1.000000 1.000000
2268.785400 0.000000 1612.175537 0.000000 -0.683824 0.000000 0.729647 1.000000 1.000000 1.000000
2273.097412 0.000000 1624.731934 0.000000 -0.446072 0.000000 0.894997 1.000000 1.000000 1.000000
2464.752441 0.000000 1521.414429 0.000000 0.000000 0.000000 1.000000 1.000000 1.000000 1.000000
2795.006836 0.000000 1554.911865 0.000000 0.552777 0.000000 0.833329 1.000000 1.000000 1.000000
2811.659912 0.000000 1536.707642 0.000000 0.136535 0.000000 0.990635 1.000000 1.000000 1.000000
2846.870850 0.000000 1543.197876 0.000000 -0.272745 0.000000 0.962086 1.000000 1.000000 1.000000
2861.384277 0.000000 1550.824707 0.000000 -0.258358 0.000000 0.966049 1.000000 1.000000 1.000000
2805.392578 0.000000 1566.779175 0.000000 -0.904033 0.000000 -0.427464 1.000000 1.000000 1.000000
2837.265869 0.000000 1588.815186 0.000000 -0.997484 0.000000 -0.070898 1.000000 1.000000 1.000000
2855.361084 0.000000 1591.047363 0.000000 0.993298 0.000000 0.115581 1.000000 1.000000 1.000000
2943.832031 0.000000 1451.436401 0.000000 0.755179 0.000000 0.655519 1.000000 1.000000 1.000000
2931.413818 0.000000 1408.809692 0.000000 0.791767 0.000000 0.610823 1.000000 1.000000 1.000000
2979.528564 0.000000 1601.492310 0.000000 0.685781 0.000000 0.727808 1.000000 1.000000 1.000000
2978.838867 0.000000 1585.368652 0.000000 0.724958 0.000000 0.688793 1.000000 1.000000 1.000000
2974.917725 0.000000 1654.588013 0.000000 0.564043 0.000000 0.825746 1.000000 1.000000 1.000000
2975.439941 0.000000 1698.365356 0.000000 -0.394803 0.000000 0.918766 1.000000 1.000000 1.000000
2942.682373 0.000000 1678.071533 0.000000 0.181664 0.000000 0.983361 1.000000 1.000000 1.000000
2907.082031 0.000000 1682.120605 0.000000 -0.373078 0.000000 0.927800 1.000000 1.000000 1.000000
2896.019043 0.000000 1671.374756 0.000000 -0.381923 0.000000 0.924194 1.000000 1.000000 1.000000
2889.932617 0.000000 1660.406128 0.000000 -0.616273 0.000000 0.787533 1.000000 1.000000 1.000000
2868.528809 0.000000 1641.323608 0.000000 -0.370245 0.000000 0.928934 1.000000 1.000000 1.000000
2828.587158 0.000000 1626.473877 0.000000 -0.183734 0.000000 0.982976 1.000000 1.000000 1.000000
2747.170410 0.000000 1661.851562 0.000000 0.219303 0.000000 0.975657 1.000000 1.000000 1.000000
2702.159912 0.000000 1632.008545 0.000000 -0.637410 0.000000 0.770525 1.000000 1.000000 1.000000
2680.253662 0.000000 1618.411743 0.000000 -0.309093 0.000000 0.951032 1.000000 1.000000 1.000000
2667.705078 0.000000 1610.697876 0.000000 -0.197634 0.000000 0.980276 1.000000 1.000000 1.000000
2650.381836 0.000000 1612.088501 0.000000 0.093582 0.000000 0.995612 1.000000 1.000000 1.000000
2632.243896 0.000000 1618.329346 0.000000 0.331527 0.000000 0.943446 1.000000 1.000000 1.000000
2459.141846 0.000000 1537.123779 0.000000 0.983610 0.000000 0.180309 1.000000 1.000000 1.000000
2421.764404 0.000000 1544.774658 0.000000 0.999960 0.000000 0.008998 1.000000 1.000000 1.000000
2380.338867 0.000000 1544.146851 0.000000 0.998477 0.000000 0.055174 1.000000 1.000000 1.000000
2558.206787 0.000000 1612.787231 0.000000 0.876955 0.000000 0.480573 1.000000 1.000000 1.000000
2283.969482 0.000000 1673.085327 0.000000 -0.891376 0.000000 0.453264 1.000000 1.000000 1.000000
2342.887695 0.000000 1700.879517 0.000000 -0.433748 0.000000 -0.901034 1.000000 1.000000 1.000000
2356.057861 0.000000 1716.299316 0.000000 -0.755818 0.000000 0.654781 1.000000 1.000000 1.000000
2364.569336 0.000000 1747.598022 0.000000 -0.828680 0.000000 0.559722 1.000000 1.000000 1.000000
2309.215088 0.000000 1794.482666 0.000000 -0.966967 0.000000 0.254903 1.000000 1.000000 1.000000
2303.707275 0.000000 1814.724243 0.000000 -0.880581 0.000000 0.473895 1.000000 1.000000 1.000000
2291.970703 0.000000 1827.875122 0.000000 -0.926429 0.000000 0.376469 1.000000 1.000000 1.000000
2281.392822 0.000000 1839.637817 0.000000 -0.833804 0.000000 0.552061 1.000000 1.000000 1.000000
2270.950195 0.000000 1855.133179 0.000000 -0.914560 0.000000 0.404450 1.000000 1.000000 1.000000
2260.824463 0.000000 1866.661011 0.000000 -0.887020 0.000000 0.461731 1.000000 1.000000 1.000000
2313.954102 0.000000 1878.386841 0.000000 0.135749 0.000000 0.990743 1.000000 1.000000 1.000000
2336.100342 0.000000 1886.957031 0.000000 0.081148 0.000000 0.996702 1.000000 1.000000 1.000000
2355.896240 0.000000 1886.699707 0.000000 -0.916609 0.000000 0.399784 1.000000 1.000000 1.000000
2343.575439 0.000000 1896.003540 0.000000 -0.972362 0.000000 0.233477 1.000000 1.000000 1.000000
2325.583740 0.000000 1913.931396 0.000000 -0.884598 0.000000 0.466353 1.000000 1.000000 1.000000
2465.661621 0.000000 1916.826172 0.000000 -0.087686 0.000000 0.996148 1.000000 1.000000 1.000000
2471.348145 0.000000 1914.505981 0.000000 0.943761 0.000000 0.330630 1.000000 1.000000 1.000000
2460.923096 0.000000 1905.809692 0.000000 0.947950 0.000000 0.318419 1.000000 1.000000 1.000000
2454.963379 0.000000 1827.875732 0.000000 0.950797 0.000000 0.309815 1.000000 1.000000 1.000000
2488.885986 0.000000 1840.528564 0.000000 -0.067119 0.000000 0.997745 1.000000 1.000000 1.000000
2473.019531 0.000000 1837.224365 0.000000 0.145016 0.000000 -0.989429 1.000000 1.000000 1.000000
2494.059082 0.000000 1775.074707 0.000000 0.452534 0.000000 0.891747 1.000000 1.000000 1.000000
2438.356689 0.000000 1878.331787 0.000000 -0.086592 0.000000 0.996244 1.000000 1.000000 1.000000
2432.973145 0.000000 1889.384277 0.000000 -0.972850 0.000000 -0.231438 1.000000 1.000000 1.000000
2477.226318 0.000000 1743.758057 0.000000 0.211644 0.000000 0.977347 1.000000 1.000000 1.000000
2499.293701 0.000000 1720.862671 0.000000 0.997408 0.000000 0.071955 1.000000 1.000000 1.000000
2542.230469 0.000000 1660.697388 0.000000 -0.104150 0.000000 0.994562 1.000000 1.000000 1.000000
2558.314941 0.000000 1663.230713 0.000000 -0.085406 0.000000 0.996346 1.000000 1.000000 1.000000
2539.322998 0.000000 1648.720093 0.000000 0.973602 0.000000 0.228251 1.000000 1.000000 1.000000
2572.088623 0.000000 1626.846313 0.000000 0.974787 0.000000 0.223138 1.000000 1.000000 1.000000
2557.704834 0.000000 1611.994263 0.000000 0.873887 0.000000 0.486130 1.000000 1.000000 1.000000
2392.850586 0.000000 1706.410278 0.000000 0.395504 0.000000 0.918464 1.000000 1.000000 1.000000
2410.193848 0.000000 1692.590454 0.000000 0.250714 0.000000 0.968061 1.000000 1.000000 1.000000
2427.214600 0.000000 1668.742432 0.000000 0.927334 0.000000 0.374234 1.000000 1.000000 1.000000
2650.484863 0.000000 1974.306763 0.000000 0.996871 0.000000 0.079045 1.000000 1.000000 1.000000
2955.791260 0.000000 2030.526489 0.000000 -0.855044 0.000000 0.518556 1.000000 1.000000 1.000000
2990.718262 0.000000 2015.795532 0.000000 -0.990888 0.000000 0.134686 1.000000 1.000000 1.000000
3017.558838 0.000000 2002.107666 0.000000 -0.996375 0.000000 0.085067 1.000000 1.000000 1.000000
3050.117188 0.000000 1997.266235 0.000000 -0.989251 0.000000 0.146228 1.000000 1.000000 1.000000
3065.632568 0.000000 1993.636841 0.000000 -0.998216 0.000000 0.059713 1.000000 1.000000 1.000000
3081.639160 0.000000 1997.046509 0.000000 -0.983165 0.000000 -0.182719 1.000000 1.000000 1.000000
3097.201416 0.000000 2004.505615 0.000000 0.992696 0.000000 0.120642 1.000000 1.000000 1.000000
3111.754639 0.000000 2008.157715 0.000000 -0.998749 0.000000 -0.050002 1.000000 1.000000 1.000000
3125.499512 0.000000 2006.084351 0.000000 -0.989067 0.000000 0.147466 1.000000 1.000000 1.000000
3144.242920 0.000000 2002.762329 0.000000 -0.990640 0.000000 0.136500 1.000000 1.000000 1.000000
3171.574463 0.000000 2012.829712 0.000000 -0.973878 0.000000 -0.227071 1.000000 1.000000 1.000000
3184.561768 0.000000 2020.457275 0.000000 -0.972374 0.000000 -0.233427 1.000000 1.000000 1.000000
3196.080322 0.000000 2028.383911 0.000000 -0.924518 0.000000 -0.381137 1.000000 1.000000 1.000000
3207.269531 0.000000 2040.530151 0.000000 0.849971 0.000000 0.526830 1.000000 1.000000 1.000000
3187.050781 0.000000 2124.996826 0.000000 0.169526 0.000000 0.985526 1.000000 1.000000 1.000000
2936.190674 0.000000 1198.015015 0.000000 -0.043870 0.000000 0.999037 1.000000 1.000000 1.000000
2976.217041 0.000000 1170.782227 0.000000 0.290665 0.000000 0.956825 1.000000 1.000000 1.000000
3102.145264 0.000000 1025.373169 0.000000 0.199758 0.000000 0.979845 1.000000 1.000000 1.000000
3351.479492 0.000000 620.485535 0.000000 0.467518 0.000000 0.883984 1.000000 1.000000 1.000000
3914.215576 0.000000 734.765198 0.000000 0.000000 0.000000 1.000000 1.000000 1.000000 1.000000
3993.623535 0.000000 1133.925415 0.000000 -0.923635 0.000000 0.383272 1.000000 1.000000 1.000000
3983.137939 0.000000 1150.462769 0.000000 -0.815318 0.000000 0.579014 1.000000 1.000000 1.000000
3978.602051 0.000000 1165.994873 0.000000 -0.727790 0.000000 0.685800 1.000000 1.000000 1.000000
3979.233154 0.000000 1183.322998 0.000000 -0.748782 0.000000 0.662817 1.000000 1.000000 1.000000
3978.227539 0.000000 1198.587646 0.000000 -0.562252 0.000000 0.826966 1.000000 1.000000 1.000000
3944.583984 0.000000 1194.524170 0.000000 0.919669 0.000000 0.392695 1.000000 1.000000 1.000000
3915.208984 0.000000 1162.268555 0.000000 0.904818 0.000000 0.425800 1.000000 1.000000 1.000000
3740.517090 0.000000 1120.141968 0.000000 -0.602140 0.000000 0.798390 1.000000 1.000000 1.000000
3609.950195 0.000000 1401.734131 0.000000 0.229503 0.000000 0.973308 1.000000 1.000000 1.000000
3662.428955 0.000000 1395.606934 0.000000 0.633946 0.000000 0.773377 1.000000 1.000000 1.000000
3717.167236 0.000000 1303.859375 0.000000 0.551760 0.000000 0.834003 1.000000 1.000000 1.000000
3731.164307 0.000000 1287.670410 0.000000 0.321893 0.000000 0.946776 1.000000 1.000000 1.000000
3750.175293 0.000000 1284.042725 0.000000 -0.127127 0.000000 0.991886 1.000000 1.000000 1.000000
4466.993652 0.000000 1230.062500 0.000000 0.122615 0.000000 0.992454 1.000000 1.000000 1.000000
4477.253906 0.000000 1225.204468 0.000000 0.329251 0.000000 0.944242 1.000000 1.000000 1.000000
4480.125000 0.000000 1213.439697 0.000000 0.730651 0.000000 0.682751 1.000000 1.000000 1.000000
4491.916992 0.000000 1201.670166 0.000000 -0.055696 0.000000 0.998448 1.000000 1.000000 1.000000
4508.575684 0.000000 1202.346924 0.000000 0.016967 0.000000 0.999856 1.000000 1.000000 1.000000
4912.860840 0.000000 735.474365 0.000000 0.416198 0.000000 0.909274 1.000000 1.000000 1.000000
4921.483887 0.000000 720.700806 0.000000 0.346370 0.000000 0.938098 1.000000 1.000000 1.000000
5182.857910 0.000000 375.625641 0.000000 -0.350661 0.000000 0.936503 1.000000 1.000000 1.000000
5355.992676 0.000000 876.122864 0.000000 -0.797142 0.000000 0.603792 1.000000 1.000000 1.000000
5358.565430 0.000000 888.475281 0.000000 -0.472770 0.000000 0.881186 1.000000 1.000000 1.000000
5386.416504 0.000000 912.107361 0.000000 -0.306509 0.000000 0.951868 1.000000 1.000000 1.000000
5401.741699 0.000000 932.675781 0.000000 -0.496208 0.000000 0.868203 1.000000 1.000000 1.000000
5413.041504 0.000000 946.204590 0.000000 -0.356826 0.000000 0.934171 1.000000 1.000000 1.000000
5773.603516 0.000000 1229.688721 0.000000 0.577349 0.000000 0.816497 1.000000 1.000000 1.000000
5777.145508 0.000000 1212.823364 0.000000 0.717475 0.000000 0.696584 1.000000 1.000000 1.000000
5785.354004 0.000000 1193.897217 0.000000 0.420024 0.000000 0.907513 1.000000 1.000000 1.000000
5795.892578 0.000000 1177.520630 0.000000 0.410641 0.000000 0.911797 1.000000 1.000000 1.000000
5936.108887 0.000000 1034.997314 0.000000 0.565176 0.000000 0.824970 1.000000 1.000000 1.000000
3605.572754 0.000000 1826.140747 0.000000 0.998531 0.000000 -0.054177 1.000000 1.000000 1.000000
3591.690430 0.000000 1833.412720 0.000000 -0.947814 0.000000 0.318824 1.000000 1.000000 1.000000
3434.083252 0.000000 2296.685059 0.000000 -0.419442 0.000000 0.907782 1.000000 1.000000 1.000000
3508.365967 0.000000 2412.149658 0.000000 -0.249473 0.000000 0.968382 1.000000 1.000000 1.000000
3521.682861 0.000000 2416.348877 0.000000 -0.080814 0.000000 0.996729 1.000000 1.000000 1.000000
3536.553711 0.000000 2419.383789 0.000000 -0.085649 0.000000 0.996325 1.000000 1.000000 1.000000
3551.528564 0.000000 2425.038086 0.000000 -0.218171 0.000000 0.975910 1.000000 1.000000 1.000000
3563.374756 0.000000 2432.805908 0.000000 -0.356855 0.000000 0.934160 1.000000 1.000000 1.000000
3572.640381 0.000000 2443.705322 0.000000 -0.274007 0.000000 0.961728 1.000000 1.000000 1.000000
3583.812988 0.000000 2451.291504 0.000000 -0.284878 0.000000 0.958564 1.000000 1.000000 1.000000
3596.201660 0.000000 2456.415283 0.000000 -0.211495 0.000000 0.977379 1.000000 1.000000 1.000000
3611.348389 0.000000 2459.948242 0.000000 0.066418 0.000000 0.997792 1.000000 1.000000 1.000000
"}
object={
	name="env_coast_foam_s"
	render_pass=MapUnderWater
	clamp_to_water_level=yes
	generated_content=no
	layer="coast_foam_layer"
	entity="env_coast_foam_s"
	count=179
	transform="2020.566284 0.000000 3363.593750 0.000000 0.229845 0.000000 0.973227 1.000000 1.000000 1.000000
1987.359497 0.000000 3352.523682 0.000000 -0.026135 0.000000 0.999658 1.000000 1.000000 1.000000
2283.258789 0.000000 3346.935791 0.000000 0.331613 0.000000 0.943416 1.000000 1.000000 1.000000
2282.776123 0.000000 3324.904541 0.000000 -0.992274 0.000000 0.124065 1.000000 1.000000 1.000000
1986.780396 0.000000 2970.521484 0.000000 0.972465 0.000000 0.233047 1.000000 1.000000 1.000000
1370.045410 0.000000 3528.012451 0.000000 0.889529 0.000000 0.456878 1.000000 1.000000 1.000000
1393.008911 0.000000 3545.452148 0.000000 0.905816 0.000000 0.423672 1.000000 1.000000 1.000000
1423.016113 0.000000 3565.824463 0.000000 0.894699 0.000000 0.446669 1.000000 1.000000 1.000000
1460.105347 0.000000 3587.590088 0.000000 -0.949083 0.000000 -0.315027 1.000000 1.000000 1.000000
1564.093018 0.000000 3635.753174 0.000000 -0.893259 0.000000 -0.449542 1.000000 1.000000 1.000000
1584.765381 0.000000 3660.843018 0.000000 -0.864957 0.000000 -0.501845 1.000000 1.000000 1.000000
1613.821411 0.000000 3697.808594 0.000000 0.075383 0.000000 0.997155 1.000000 1.000000 1.000000
1680.593750 0.000000 3807.802246 0.000000 -0.868972 0.000000 -0.494860 1.000000 1.000000 1.000000
1695.446045 0.000000 3823.328125 0.000000 -0.853953 0.000000 -0.520350 1.000000 1.000000 1.000000
1734.718262 0.000000 3857.467285 0.000000 -0.883024 0.000000 -0.469328 1.000000 1.000000 1.000000
1850.778320 0.000000 3983.893066 0.000000 0.937384 0.000000 0.348297 1.000000 1.000000 1.000000
1871.524414 0.000000 4008.937256 0.000000 -0.927479 0.000000 -0.373875 1.000000 1.000000 1.000000
1984.435547 0.000000 4042.825195 0.000000 -0.998080 0.000000 -0.061931 1.000000 1.000000 1.000000
2010.607422 0.000000 4048.708496 0.000000 0.988943 0.000000 0.148296 1.000000 1.000000 1.000000
2047.375610 0.000000 4043.534424 0.000000 0.987478 0.000000 -0.157759 1.000000 1.000000 1.000000
2101.378906 0.000000 4028.997803 0.000000 0.913917 0.000000 0.405901 1.000000 1.000000 1.000000
2120.113281 0.000000 4051.153564 0.000000 0.933277 0.000000 0.359159 1.000000 1.000000 1.000000
2151.339355 0.000000 4039.049805 0.000000 0.855581 0.000000 0.517669 1.000000 1.000000 1.000000
2142.250488 0.000000 4050.767822 0.000000 0.714358 0.000000 -0.699780 1.000000 1.000000 1.000000
2194.503906 0.000000 4058.463135 0.000000 -0.999806 0.000000 0.019709 1.000000 1.000000 1.000000
2225.242432 0.000000 4001.717285 0.000000 -0.996022 0.000000 0.089111 1.000000 1.000000 1.000000
2254.485596 0.000000 3993.690430 0.000000 0.985400 0.000000 -0.170253 1.000000 1.000000 1.000000
2339.191406 0.000000 3974.158936 0.000000 0.994678 0.000000 -0.103032 1.000000 1.000000 1.000000
772.210938 0.000000 2944.303467 0.000000 0.997246 0.000000 0.074169 1.000000 1.000000 1.000000
751.956970 0.000000 2944.573975 0.000000 0.990800 0.000000 0.135336 1.000000 1.000000 1.000000
737.094727 0.000000 3016.915039 0.000000 -0.480195 0.000000 0.877162 1.000000 1.000000 1.000000
244.537857 0.000000 3994.767578 0.000000 0.943971 0.000000 0.330028 1.000000 1.000000 1.000000
210.501129 0.000000 3969.069824 0.000000 0.934785 0.000000 0.355214 1.000000 1.000000 1.000000
231.278336 0.000000 3947.554443 0.000000 0.145620 0.000000 0.989341 1.000000 1.000000 1.000000
246.235001 0.000000 3930.658691 0.000000 -0.974335 0.000000 -0.225104 1.000000 1.000000 1.000000
223.682907 0.000000 3899.934570 0.000000 0.355375 0.000000 0.934724 1.000000 1.000000 1.000000
202.016266 0.000000 3848.476074 0.000000 0.830079 0.000000 0.557645 1.000000 1.000000 1.000000
293.533081 0.000000 3952.304932 0.000000 -0.505025 0.000000 0.863105 1.000000 1.000000 1.000000
518.054199 0.000000 3855.707520 0.000000 -0.268478 0.000000 0.963286 1.000000 1.000000 1.000000
438.197968 0.000000 3810.395264 0.000000 0.030761 0.000000 0.999527 1.000000 1.000000 1.000000
366.813385 0.000000 3790.474121 0.000000 0.090752 0.000000 0.995873 1.000000 1.000000 1.000000
658.271057 0.000000 3599.897461 0.000000 0.068854 0.000000 0.997627 1.000000 1.000000 1.000000
700.892883 0.000000 3607.363770 0.000000 -0.156881 0.000000 0.987617 1.000000 1.000000 1.000000
669.038025 0.000000 3620.237793 0.000000 -0.999497 0.000000 -0.031707 1.000000 1.000000 1.000000
673.976074 0.000000 3568.624756 0.000000 0.212576 0.000000 0.977145 1.000000 1.000000 1.000000
949.351196 0.000000 3451.658203 0.000000 0.795869 0.000000 0.605470 1.000000 1.000000 1.000000
238.461472 0.000000 1236.276733 0.000000 0.831590 0.000000 0.555390 1.000000 1.000000 1.000000
159.190048 0.000000 1197.268799 0.000000 0.332133 0.000000 0.943233 1.000000 1.000000 1.000000
137.605774 0.000000 1228.672974 0.000000 -0.513094 0.000000 0.858332 1.000000 1.000000 1.000000
1565.798096 0.000000 1633.701294 0.000000 -0.584998 0.000000 0.811035 1.000000 1.000000 1.000000
1506.634155 0.000000 1648.114014 0.000000 -0.995199 0.000000 -0.097870 1.000000 1.000000 1.000000
1476.780762 0.000000 1631.783325 0.000000 -0.993655 0.000000 -0.112467 1.000000 1.000000 1.000000
1172.191162 0.000000 1646.812378 0.000000 -0.960422 0.000000 0.278549 1.000000 1.000000 1.000000
1156.418457 0.000000 1646.614380 0.000000 -0.960422 0.000000 0.278549 1.000000 1.000000 1.000000
1142.228760 0.000000 1648.188232 0.000000 0.910030 0.000000 0.414542 1.000000 1.000000 1.000000
1064.158936 0.000000 1638.520386 0.000000 -0.999271 0.000000 -0.038188 1.000000 1.000000 1.000000
737.327393 0.000000 1582.187988 0.000000 0.996214 0.000000 0.086937 1.000000 1.000000 1.000000
748.576050 0.000000 1578.445679 0.000000 -0.968802 0.000000 0.247836 1.000000 1.000000 1.000000
816.730225 0.000000 1569.778687 0.000000 0.947952 0.000000 -0.318413 1.000000 1.000000 1.000000
827.680603 0.000000 1674.707520 0.000000 -0.002548 0.000000 0.999997 1.000000 1.000000 1.000000
837.456055 0.000000 1670.757202 0.000000 0.301268 0.000000 0.953539 1.000000 1.000000 1.000000
854.849426 0.000000 1675.963867 0.000000 -0.515026 0.000000 0.857174 1.000000 1.000000 1.000000
949.794312 0.000000 1779.888794 0.000000 -0.158350 0.000000 0.987383 1.000000 1.000000 1.000000
960.026917 0.000000 1784.809204 0.000000 -0.362919 0.000000 0.931821 1.000000 1.000000 1.000000
1061.943237 0.000000 1970.185669 0.000000 -0.074409 0.000000 0.997228 1.000000 1.000000 1.000000
1142.348022 0.000000 1820.586792 0.000000 -0.173720 0.000000 0.984795 1.000000 1.000000 1.000000
1150.910278 0.000000 1830.653442 0.000000 -0.641574 0.000000 0.767061 1.000000 1.000000 1.000000
1129.762085 0.000000 1821.763550 0.000000 0.256530 0.000000 0.966536 1.000000 1.000000 1.000000
1195.806519 0.000000 1855.411133 0.000000 0.218797 0.000000 0.975770 1.000000 1.000000 1.000000
1129.035156 0.000000 2028.988525 0.000000 0.869206 0.000000 -0.494449 1.000000 1.000000 1.000000
1130.761353 0.000000 2050.433594 0.000000 0.977129 0.000000 -0.212647 1.000000 1.000000 1.000000
1123.837280 0.000000 2062.070312 0.000000 0.908336 0.000000 -0.418241 1.000000 1.000000 1.000000
1119.265015 0.000000 2071.457764 0.000000 -0.780288 0.000000 0.625420 1.000000 1.000000 1.000000
1295.270386 0.000000 2082.875244 0.000000 -0.131748 0.000000 -0.991283 1.000000 1.000000 1.000000
1317.278931 0.000000 2092.335693 0.000000 -0.028271 0.000000 0.999600 1.000000 1.000000 1.000000
1342.023926 0.000000 2115.140381 0.000000 -0.407062 0.000000 0.913401 1.000000 1.000000 1.000000
1354.981079 0.000000 2125.842773 0.000000 -0.499054 0.000000 0.866571 1.000000 1.000000 1.000000
1440.541748 0.000000 2017.355591 0.000000 0.753215 0.000000 0.657775 1.000000 1.000000 1.000000
1444.139648 0.000000 2005.860962 0.000000 0.168068 0.000000 0.985775 1.000000 1.000000 1.000000
1448.540527 0.000000 1990.616455 0.000000 0.132649 0.000000 0.991163 1.000000 1.000000 1.000000
1445.340332 0.000000 1809.462524 0.000000 0.822038 0.000000 0.569432 1.000000 1.000000 1.000000
1467.411011 0.000000 1762.119873 0.000000 0.066936 0.000000 0.997757 1.000000 1.000000 1.000000
1482.666870 0.000000 1764.587646 0.000000 -0.432942 0.000000 0.901422 1.000000 1.000000 1.000000
1502.510742 0.000000 1777.643555 0.000000 0.287539 0.000000 0.957769 1.000000 1.000000 1.000000
1523.230957 0.000000 1872.847900 0.000000 -0.603577 0.000000 0.797305 1.000000 1.000000 1.000000
1697.558594 0.000000 1940.245605 0.000000 -0.454960 0.000000 -0.890512 1.000000 1.000000 1.000000
1720.942139 0.000000 1938.395508 0.000000 0.147153 0.000000 0.989114 1.000000 1.000000 1.000000
1944.664429 0.000000 1801.292847 0.000000 -0.716603 0.000000 0.697481 1.000000 1.000000 1.000000
1911.543823 0.000000 1829.291748 0.000000 -0.770732 0.000000 0.637159 1.000000 1.000000 1.000000
1716.450439 0.000000 2279.166016 0.000000 0.354373 0.000000 0.935104 1.000000 1.000000 1.000000
1808.248291 0.000000 2138.611572 0.000000 0.333196 0.000000 0.942858 1.000000 1.000000 1.000000
1854.061035 0.000000 2111.904053 0.000000 0.525627 0.000000 0.850715 1.000000 1.000000 1.000000
1891.546021 0.000000 2082.049316 0.000000 0.064637 0.000000 0.997909 1.000000 1.000000 1.000000
2027.135498 0.000000 2019.307373 0.000000 0.292125 0.000000 0.956380 1.000000 1.000000 1.000000
2382.993652 0.000000 1524.904907 0.000000 0.186823 0.000000 0.982394 1.000000 1.000000 1.000000
2393.496338 0.000000 1522.624634 0.000000 0.000000 0.000000 1.000000 1.000000 1.000000 1.000000
2966.044922 0.000000 1519.797119 0.000000 0.924312 0.000000 0.381637 1.000000 1.000000 1.000000
2969.060303 0.000000 1528.882812 0.000000 0.680253 0.000000 0.732977 1.000000 1.000000 1.000000
2984.118896 0.000000 1563.877319 0.000000 0.612637 0.000000 0.790364 1.000000 1.000000 1.000000
2620.350342 0.000000 1646.358643 0.000000 0.141068 0.000000 0.990000 1.000000 1.000000 1.000000
2602.937988 0.000000 1645.835083 0.000000 0.087048 0.000000 0.996204 1.000000 1.000000 1.000000
2438.487549 0.000000 1543.523193 0.000000 0.981077 0.000000 0.193620 1.000000 1.000000 1.000000
2407.730469 0.000000 1547.893433 0.000000 0.994144 0.000000 0.108060 1.000000 1.000000 1.000000
2388.858398 0.000000 1546.531372 0.000000 0.969999 0.000000 0.243110 1.000000 1.000000 1.000000
2398.420898 0.000000 1547.842651 0.000000 -0.999986 0.000000 -0.005314 1.000000 1.000000 1.000000
2353.248291 0.000000 1551.815308 0.000000 0.992724 0.000000 -0.120409 1.000000 1.000000 1.000000
2359.901855 0.000000 1553.361450 0.000000 0.895556 0.000000 0.444948 1.000000 1.000000 1.000000
2371.990723 0.000000 1548.078735 0.000000 -0.864563 0.000000 0.502524 1.000000 1.000000 1.000000
2573.515625 0.000000 1626.323486 0.000000 0.959679 0.000000 0.281098 1.000000 1.000000 1.000000
2522.684570 0.000000 1561.998169 0.000000 0.656352 0.000000 0.754455 1.000000 1.000000 1.000000
2524.588135 0.000000 1572.438110 0.000000 0.865497 0.000000 0.500913 1.000000 1.000000 1.000000
2300.899170 0.000000 1599.848145 0.000000 -0.962270 0.000000 0.272095 1.000000 1.000000 1.000000
2300.566406 0.000000 1640.076904 0.000000 -0.846464 0.000000 0.532447 1.000000 1.000000 1.000000
2292.453613 0.000000 1679.344727 0.000000 0.326829 0.000000 0.945083 1.000000 1.000000 1.000000
2332.075195 0.000000 1711.014282 0.000000 -0.320196 0.000000 -0.947351 1.000000 1.000000 1.000000
2353.701416 0.000000 1728.479370 0.000000 -0.689459 0.000000 0.724325 1.000000 1.000000 1.000000
2353.037109 0.000000 1696.042358 0.000000 -0.232205 0.000000 0.972667 1.000000 1.000000 1.000000
2371.403809 0.000000 1737.665161 0.000000 -0.983022 0.000000 0.183490 1.000000 1.000000 1.000000
2349.400391 0.000000 1773.122925 0.000000 -0.999320 0.000000 -0.036861 1.000000 1.000000 1.000000
2339.328369 0.000000 1773.070557 0.000000 0.982313 0.000000 -0.187247 1.000000 1.000000 1.000000
2326.123779 0.000000 1778.194824 0.000000 -0.995366 0.000000 0.096160 1.000000 1.000000 1.000000
2318.433838 0.000000 1782.618164 0.000000 -0.861201 0.000000 0.508264 1.000000 1.000000 1.000000
2259.055420 0.000000 1893.090820 0.000000 -0.808943 0.000000 0.587887 1.000000 1.000000 1.000000
2350.063721 0.000000 1880.354736 0.000000 0.391520 0.000000 0.920170 1.000000 1.000000 1.000000
2332.656738 0.000000 1880.853760 0.000000 -0.942145 0.000000 0.335205 1.000000 1.000000 1.000000
2378.945068 0.000000 1921.939087 0.000000 0.772038 0.000000 -0.635577 1.000000 1.000000 1.000000
2376.683838 0.000000 1911.424683 0.000000 -0.356940 0.000000 0.934127 1.000000 1.000000 1.000000
2456.762695 0.000000 1893.808105 0.000000 0.542590 0.000000 0.839998 1.000000 1.000000 1.000000
2455.458008 0.000000 1884.539673 0.000000 0.773612 0.000000 0.633660 1.000000 1.000000 1.000000
2449.287598 0.000000 1808.472656 0.000000 0.259684 0.000000 0.965694 1.000000 1.000000 1.000000
2467.403076 0.000000 1800.063965 0.000000 0.112220 0.000000 0.993683 1.000000 1.000000 1.000000
2477.526367 0.000000 1798.365601 0.000000 -0.073420 0.000000 0.997301 1.000000 1.000000 1.000000
2494.873047 0.000000 1799.416870 0.000000 0.387163 0.000000 0.922011 1.000000 1.000000 1.000000
2471.776123 0.000000 1774.063477 0.000000 0.712247 0.000000 0.701929 1.000000 1.000000 1.000000
2457.010010 0.000000 1773.582153 0.000000 0.997677 0.000000 -0.068128 1.000000 1.000000 1.000000
2451.528076 0.000000 1741.438232 0.000000 -0.404044 0.000000 -0.914740 1.000000 1.000000 1.000000
2446.149902 0.000000 1763.831421 0.000000 0.499622 0.000000 0.866243 1.000000 1.000000 1.000000
2376.604004 0.000000 1777.464478 0.000000 0.289000 0.000000 0.957329 1.000000 1.000000 1.000000
2369.412109 0.000000 1788.410156 0.000000 0.701823 0.000000 0.712351 1.000000 1.000000 1.000000
2396.272949 0.000000 1864.121826 0.000000 0.623004 0.000000 0.782219 1.000000 1.000000 1.000000
2417.555420 0.000000 1865.167358 0.000000 0.566075 0.000000 -0.824354 1.000000 1.000000 1.000000
2456.087158 0.000000 1894.874756 0.000000 0.463196 0.000000 0.886256 1.000000 1.000000 1.000000
2497.932129 0.000000 1742.177002 0.000000 0.522078 0.000000 0.852898 1.000000 1.000000 1.000000
2519.558105 0.000000 1730.888916 0.000000 0.082973 0.000000 0.996552 1.000000 1.000000 1.000000
2467.892090 0.000000 1707.094482 0.000000 0.999669 0.000000 -0.025728 1.000000 1.000000 1.000000
2458.949951 0.000000 1701.213135 0.000000 0.871966 0.000000 0.489566 1.000000 1.000000 1.000000
2515.092773 0.000000 1705.005981 0.000000 0.160045 0.000000 0.987110 1.000000 1.000000 1.000000
2529.239502 0.000000 1675.695190 0.000000 0.989477 0.000000 0.144689 1.000000 1.000000 1.000000
2528.853516 0.000000 1685.188965 0.000000 0.092549 0.000000 0.995708 1.000000 1.000000 1.000000
2522.453857 0.000000 1692.015747 0.000000 0.733478 0.000000 0.679713 1.000000 1.000000 1.000000
2524.816162 0.000000 1666.195435 0.000000 0.579714 0.000000 0.814820 1.000000 1.000000 1.000000
2503.117188 0.000000 1669.800781 0.000000 0.502686 0.000000 0.864469 1.000000 1.000000 1.000000
2509.537598 0.000000 1659.929932 0.000000 0.633451 0.000000 0.773783 1.000000 1.000000 1.000000
2487.135742 0.000000 1683.167725 0.000000 0.658398 0.000000 0.752670 1.000000 1.000000 1.000000
2578.724854 0.000000 1604.110596 0.000000 -0.631749 0.000000 0.775173 1.000000 1.000000 1.000000
2448.685059 0.000000 1546.652344 0.000000 -0.996849 0.000000 0.079319 1.000000 1.000000 1.000000
2427.497803 0.000000 1652.324219 0.000000 0.465088 0.000000 0.885264 1.000000 1.000000 1.000000
2397.179443 0.000000 1722.124268 0.000000 -0.931667 0.000000 0.363313 1.000000 1.000000 1.000000
2405.019043 0.000000 1712.464478 0.000000 -0.761227 0.000000 0.648485 1.000000 1.000000 1.000000
2414.695312 0.000000 1702.390625 0.000000 -0.990594 0.000000 0.136833 1.000000 1.000000 1.000000
2360.149658 0.000000 1728.099365 0.000000 0.336043 0.000000 0.941847 1.000000 1.000000 1.000000
2423.059082 0.000000 1633.204712 0.000000 0.381500 0.000000 0.924369 1.000000 1.000000 1.000000
2378.412109 0.000000 1625.282227 0.000000 -0.146987 0.000000 0.989138 1.000000 1.000000 1.000000
2387.870361 0.000000 1650.674072 0.000000 0.494963 0.000000 0.868914 1.000000 1.000000 1.000000
2373.467041 0.000000 1693.688843 0.000000 -0.551760 0.000000 0.834003 1.000000 1.000000 1.000000
2441.384521 0.000000 1667.940308 0.000000 -0.855881 0.000000 0.517173 1.000000 1.000000 1.000000
3066.658447 0.000000 1038.998047 0.000000 0.300927 0.000000 0.953647 1.000000 1.000000 1.000000
3734.876709 0.000000 1105.657837 0.000000 -0.406491 0.000000 0.913655 1.000000 1.000000 1.000000
3746.850586 0.000000 1138.260132 0.000000 -0.658490 0.000000 0.752589 1.000000 1.000000 1.000000
3742.362061 0.000000 1159.571167 0.000000 -0.735570 0.000000 0.677449 1.000000 1.000000 1.000000
3746.242920 0.000000 1176.963135 0.000000 -0.620279 0.000000 0.784382 1.000000 1.000000 1.000000
3739.408203 0.000000 1188.404175 0.000000 0.989016 0.000000 -0.147807 1.000000 1.000000 1.000000
3732.391113 0.000000 1194.879639 0.000000 -0.865390 0.000000 0.501098 1.000000 1.000000 1.000000
3689.780273 0.000000 1200.919067 0.000000 0.974081 0.000000 0.226201 1.000000 1.000000 1.000000
3685.422119 0.000000 1359.952759 0.000000 0.841586 0.000000 0.540123 1.000000 1.000000 1.000000
4231.677246 0.000000 1186.724121 0.000000 -0.064165 0.000000 0.997939 1.000000 1.000000 1.000000
4249.056152 0.000000 1185.936768 0.000000 -0.257267 0.000000 0.966340 1.000000 1.000000 1.000000
4258.995605 0.000000 1191.042114 0.000000 -0.135930 0.000000 0.990718 1.000000 1.000000 1.000000
6024.006836 0.000000 973.782043 0.000000 -0.294284 0.000000 0.955718 1.000000 1.000000 1.000000
"}
