object={
	name="env_desert_ambient_close"
	render_pass=Map
	clamp_to_water_level=yes
	generated_content=no
	layer="env_effect_layer"
	entity="env_desert_plains_ambient"
	count=18
	transform="5459.463379 0.000000 2403.604248 0.000000 0.000000 0.000000 1.000000 0.552173 0.552173 0.552173
5551.369141 0.000000 2419.295898 0.000000 0.000000 0.000000 1.000000 0.297986 0.297986 0.297986
5630.522461 0.000000 2433.134277 0.000000 0.000000 0.000000 1.000000 0.312842 0.312842 0.312842
5436.205566 0.000000 2459.849609 0.000000 0.000000 0.000000 1.000000 0.283594 0.283594 0.283594
5461.001465 0.000000 2299.006836 0.000000 0.000000 0.000000 1.000000 0.242018 0.242018 0.242018
5443.491211 0.000000 2332.069336 0.000000 0.000000 0.000000 1.000000 0.251880 0.251880 0.251880
5890.269043 0.000000 2841.384277 0.000000 0.000000 0.000000 1.000000 0.637500 0.637500 0.637500
5935.734863 1.051514 2851.483643 0.000000 0.000000 0.000000 1.000000 0.809375 0.809375 0.809375
6098.912598 0.000000 2800.814941 0.000000 0.000000 0.000000 1.000000 1.088477 1.088477 1.088477
6162.464844 0.000000 2845.692139 0.000000 0.000000 0.000000 1.000000 0.864160 0.864160 0.864160
6162.296387 0.000000 2730.608154 0.000000 0.000000 0.000000 1.000000 0.236219 0.236219 0.236219
6303.719727 0.000000 2749.951172 0.000000 0.000000 0.000000 1.000000 0.325684 0.325684 0.325684
6281.343262 0.000000 2816.405518 0.000000 0.000000 0.000000 1.000000 0.289404 0.289404 0.289404
6307.213379 0.000000 2780.338379 0.000000 0.000000 0.000000 1.000000 0.273193 0.273193 0.273193
6299.012695 0.000000 2807.916260 0.000000 0.000000 0.000000 1.000000 0.252507 0.252507 0.252507
4561.037598 0.000000 2965.812012 0.000000 0.000000 0.000000 1.000000 1.406836 1.406836 1.406836
4447.479492 0.000000 2984.533203 0.000000 0.000000 0.000000 1.000000 1.696492 1.696492 1.696492
4316.586914 0.000000 3039.282227 0.000000 0.000000 0.000000 1.000000 1.411133 1.411133 1.411133
"}
object={
	name="env_desert_mountains"
	render_pass=Map
	clamp_to_water_level=yes
	generated_content=no
	layer="env_effect_mountains_layer"
	entity="env_desert_mountains"
	count=139
	transform="775.308350 -0.837280 2220.708008 0.000000 0.000000 0.000000 1.000000 0.448315 0.448315 0.448315
802.890625 1.222046 2215.966553 0.000000 0.000000 0.000000 1.000000 0.344629 0.344629 0.344629
375.819794 0.051819 930.680481 0.000000 0.000000 0.000000 1.000000 0.471188 0.471188 0.471188
381.445251 0.000000 878.929138 0.000000 0.000000 0.000000 1.000000 0.524271 0.524271 0.524271
392.364227 1.717834 821.431885 0.000000 0.000000 0.000000 1.000000 0.415286 0.415286 0.415286
1586.597290 0.923645 804.839417 0.000000 0.000000 0.000000 1.000000 0.685159 0.685159 0.685159
1856.005371 0.673035 847.611450 0.000000 0.000000 0.000000 1.000000 0.533850 0.533850 0.533850
2121.014648 0.000000 892.232788 0.000000 0.000000 0.000000 1.000000 0.568030 0.568030 0.568030
3260.866211 0.000000 983.638794 0.000000 0.000000 0.000000 1.000000 0.586319 0.586319 0.586319
3299.452881 0.000000 1050.861450 0.000000 0.000000 0.000000 1.000000 0.299982 0.299982 0.299982
3268.445068 0.000000 1086.481812 0.000000 0.000000 0.000000 1.000000 0.285730 0.285730 0.285730
3149.071045 0.000000 1169.428833 0.000000 0.000000 0.000000 1.000000 0.263580 0.263580 0.263580
3034.322021 0.000000 1351.589478 0.000000 0.000000 0.000000 1.000000 0.486504 0.486504 0.486504
1125.991699 0.000000 868.679199 0.000000 0.000000 0.000000 1.000000 0.335573 0.335573 0.335573
794.599060 0.000000 965.239258 0.000000 0.000000 0.000000 1.000000 0.493285 0.493285 0.493285
520.925903 0.000000 1757.199463 0.000000 0.000000 0.000000 1.000000 0.446889 0.446889 0.446889
565.938843 0.000000 1792.193726 0.000000 0.137805 0.000000 0.990459 0.608395 0.608395 0.608395
605.098328 0.000000 1822.975464 0.000000 0.000000 0.000000 1.000000 0.240674 0.240674 0.240674
550.706421 -0.932129 1853.233398 0.000000 0.000000 0.000000 1.000000 0.403040 0.403040 0.403040
689.648499 0.000000 1901.789551 0.000000 0.000000 0.000000 1.000000 0.724780 0.724780 0.724780
736.771057 0.000000 2004.648315 0.000000 0.000000 0.000000 1.000000 0.548730 0.548730 0.548730
671.684570 -0.303955 2090.677734 0.000000 0.000000 0.000000 1.000000 0.325818 0.325818 0.325818
710.624390 0.000000 2049.899902 0.000000 0.000000 0.000000 1.000000 0.254944 0.254944 0.254944
628.672729 0.000000 1995.207153 0.000000 0.000000 0.000000 1.000000 0.265625 0.265625 0.265625
709.928406 -0.557861 2071.497559 0.000000 0.000000 0.000000 1.000000 0.248340 0.248340 0.248340
628.856934 -0.563843 1789.465332 0.000000 0.000000 0.000000 1.000000 0.268420 0.268420 0.268420
1138.459839 0.000000 1976.078369 0.000000 0.000000 0.000000 1.000000 0.437378 0.437378 0.437378
1359.801636 0.000000 2025.491089 0.000000 0.000000 0.000000 1.000000 0.393957 0.393957 0.393957
1268.180176 0.000000 2076.607422 0.000000 0.000000 0.000000 1.000000 0.270215 0.270215 0.270215
1324.665405 0.784058 2123.305664 0.000000 0.000000 0.000000 1.000000 0.279565 0.279565 0.279565
1253.697388 0.000000 2111.305908 0.000000 0.000000 0.000000 1.000000 0.217859 0.217859 0.217859
1230.270996 0.000000 2127.651367 0.000000 0.000000 0.000000 1.000000 0.264062 0.264062 0.264062
1116.812988 0.327026 2129.789062 0.000000 0.000000 0.000000 1.000000 0.195154 0.195154 0.195154
994.786804 0.000000 2104.144287 0.000000 0.000000 0.000000 1.000000 0.160718 0.160718 0.160718
1108.567993 0.000000 2099.226807 0.000000 0.000000 0.000000 1.000000 0.160718 0.160718 0.160718
1137.512207 0.000000 2107.625244 0.000000 0.000000 0.000000 1.000000 0.160718 0.160718 0.160718
1079.770264 0.000000 2130.855957 0.000000 0.000000 0.000000 1.000000 0.160718 0.160718 0.160718
822.810364 0.000000 888.718872 0.000000 0.000000 0.000000 1.000000 0.684759 0.684759 0.684759
1016.363464 -0.919861 678.763062 0.000000 0.000000 0.000000 1.000000 0.213333 0.213333 0.213333
1048.284302 -0.919861 701.145264 0.000000 0.000000 0.000000 1.000000 0.213333 0.213333 0.213333
1090.586182 0.000000 677.620789 0.000000 0.000000 0.000000 1.000000 0.213333 0.213333 0.213333
3410.028809 1.027893 1095.706177 0.000000 0.000000 0.000000 1.000000 0.472009 0.472009 0.472009
3394.926514 0.000000 1136.789307 0.000000 0.000000 0.000000 1.000000 0.356018 0.356018 0.356018
2861.727295 -0.130005 1747.499878 0.000000 0.000000 0.000000 1.000000 0.277991 0.277991 0.277991
2899.250977 -0.130005 1720.345337 0.000000 0.000000 0.000000 1.000000 0.526409 0.526409 0.526409
3090.663574 -0.130005 1594.318726 0.000000 0.000000 0.000000 1.000000 0.526409 0.526409 0.526409
3258.248291 -0.130005 1516.598877 0.000000 0.000000 0.000000 1.000000 0.526409 0.526409 0.526409
3235.216797 -0.130005 1402.076416 0.000000 0.000000 0.000000 1.000000 0.526409 0.526409 0.526409
3283.126953 -0.130005 1350.051514 0.000000 0.000000 0.000000 1.000000 0.526409 0.526409 0.526409
3307.573730 -0.130005 1318.098267 0.000000 0.000000 0.000000 1.000000 0.526409 0.526409 0.526409
3322.286133 -1.111389 1290.160034 0.000000 0.000000 0.000000 1.000000 0.526409 0.526409 0.526409
3350.072021 -1.111389 1258.394287 0.000000 0.000000 0.000000 1.000000 0.526409 0.526409 0.526409
3368.265625 0.882874 1225.224365 0.000000 0.000000 0.000000 1.000000 0.526409 0.526409 0.526409
4041.522949 0.000000 1580.856812 0.000000 0.000000 0.000000 1.000000 0.353748 0.353748 0.353748
3026.772461 -0.378906 2044.742310 0.000000 0.000000 0.000000 1.000000 0.221167 0.221167 0.221167
3019.341309 0.000000 2037.276489 0.000000 0.000000 0.000000 1.000000 0.166528 0.166528 0.166528
2992.235352 0.000000 2043.732666 0.000000 0.000000 0.000000 1.000000 0.166528 0.166528 0.166528
3001.291260 0.000000 2058.444092 0.000000 0.000000 0.000000 1.000000 0.166528 0.166528 0.166528
3461.199463 3.036987 2207.005615 0.000000 0.000000 0.000000 1.000000 0.578479 0.578479 0.578479
3405.794678 0.950562 2251.659668 0.000000 0.000000 0.000000 1.000000 0.431873 0.431873 0.431873
3377.130859 0.000000 2312.303711 0.000000 0.000000 0.000000 1.000000 0.623132 0.623132 0.623132
3275.534668 0.000000 2339.188721 0.000000 0.000000 0.000000 1.000000 0.338953 0.338953 0.338953
3551.958496 0.000000 2341.275391 0.000000 0.000000 0.000000 1.000000 0.226855 0.226855 0.226855
3566.405273 -0.597290 2367.562012 0.000000 0.000000 0.000000 1.000000 0.141367 0.141367 0.141367
3731.985352 1.348633 2082.792236 0.000000 0.000000 0.000000 1.000000 0.527441 0.527441 0.527441
3870.657715 -0.900757 1866.990601 0.000000 0.000000 0.000000 1.000000 0.508630 0.508630 0.508630
3801.326416 -0.074219 1843.541748 0.000000 0.000000 0.000000 1.000000 0.539233 0.539233 0.539233
3878.058838 0.000000 1793.760620 0.000000 0.000000 0.000000 1.000000 0.499768 0.499768 0.499768
3959.757324 0.000000 1840.334839 0.000000 0.000000 0.000000 1.000000 0.384802 0.384802 0.384802
3981.085693 0.615479 2129.416748 0.000000 0.000000 0.000000 1.000000 0.298071 0.298071 0.298071
3976.620605 0.615479 2142.774414 0.000000 0.000000 0.000000 1.000000 0.298071 0.298071 0.298071
3682.895020 0.000000 2247.815674 0.000000 0.000000 0.000000 1.000000 0.352063 0.352063 0.352063
3729.941162 0.597168 2224.116943 0.000000 0.000000 0.000000 1.000000 0.276819 0.276819 0.276819
3761.572998 0.000000 2226.014404 0.000000 0.000000 0.000000 1.000000 0.268115 0.268115 0.268115
3789.639648 0.000000 2265.369873 0.000000 0.000000 0.000000 1.000000 0.284729 0.284729 0.284729
3804.213135 1.421997 2279.298340 0.000000 0.000000 0.000000 1.000000 0.225977 0.225977 0.225977
3871.023926 0.000000 2325.381104 0.000000 0.000000 0.000000 1.000000 0.239978 0.239978 0.239978
3884.288086 1.209595 2340.062744 0.000000 0.000000 0.000000 1.000000 0.213806 0.213806 0.213806
3919.602051 0.000000 2345.415283 0.000000 0.000000 0.000000 1.000000 0.155676 0.155676 0.155676
3934.940918 0.904053 2346.757324 0.000000 0.000000 0.000000 1.000000 0.204199 0.204199 0.204199
3991.512695 0.388428 2380.909668 0.000000 0.000000 0.000000 1.000000 0.183093 0.183093 0.183093
4013.974609 0.000000 2326.345459 0.000000 0.000000 0.000000 1.000000 0.208643 0.208643 0.208643
4057.579590 0.000000 2338.987793 0.000000 0.000000 0.000000 1.000000 0.236023 0.236023 0.236023
4070.927734 0.000000 2327.107910 0.000000 0.000000 0.000000 1.000000 0.155371 0.155371 0.155371
4448.124023 0.000000 1839.004272 0.000000 0.000000 0.000000 1.000000 0.308215 0.308215 0.308215
4442.405762 0.000000 1810.766602 0.000000 0.000000 0.000000 1.000000 0.252710 0.252710 0.252710
4493.115234 0.664185 1839.417236 0.000000 0.000000 0.000000 1.000000 0.273825 0.273825 0.273825
4496.933594 0.701416 1858.186523 0.000000 0.000000 0.000000 1.000000 0.290991 0.290991 0.290991
4498.179688 0.000000 1875.678833 0.000000 0.000000 0.000000 1.000000 0.162781 0.162781 0.162781
4480.238281 0.816650 1920.688232 0.000000 0.000000 0.000000 1.000000 0.394958 0.394958 0.394958
4480.909668 1.739868 1948.355347 0.000000 0.000000 0.000000 1.000000 0.241467 0.241467 0.241467
4471.496094 0.427246 1981.752930 0.000000 0.000000 0.000000 1.000000 0.407288 0.407288 0.407288
4589.020996 0.000000 2000.288330 0.000000 0.000000 0.000000 1.000000 0.816284 0.816284 0.816284
4593.654785 0.000000 2043.123169 0.000000 0.000000 0.000000 1.000000 0.670483 0.670483 0.670483
4598.354980 0.000000 2091.380615 0.000000 0.000000 0.000000 1.000000 0.580518 0.580518 0.580518
4572.541504 1.757080 2161.178467 0.000000 0.000000 0.000000 1.000000 0.469641 0.469641 0.469641
4531.761719 0.000000 2076.780518 0.000000 0.000000 0.000000 1.000000 1.000000 1.000000 1.000000
4479.030762 0.808716 2069.726562 0.000000 0.000000 0.000000 1.000000 1.000000 1.000000 1.000000
4523.262695 0.000000 2106.303711 0.000000 0.000000 0.000000 1.000000 1.000000 1.000000 1.000000
4435.444824 0.000000 2157.418457 0.000000 0.000000 0.000000 1.000000 1.000000 1.000000 1.000000
4446.354492 0.000000 2197.468750 0.000000 0.000000 0.000000 1.000000 1.000000 1.000000 1.000000
4312.762695 0.000000 2124.247070 0.000000 0.000000 0.000000 1.000000 0.440405 0.440405 0.440405
4234.991699 0.000000 2185.503418 0.000000 0.000000 0.000000 1.000000 0.453894 0.453894 0.453894
4361.502930 0.000000 2218.779541 0.000000 0.000000 0.000000 1.000000 0.504626 0.504626 0.504626
4341.590332 2.586670 2286.645508 0.000000 0.000000 0.000000 1.000000 0.558643 0.558643 0.558643
4412.404297 0.000000 2301.030762 0.000000 0.000000 0.000000 1.000000 1.000000 1.000000 1.000000
4497.396973 0.000000 2258.633545 0.000000 0.000000 0.000000 1.000000 0.713416 0.713416 0.713416
4454.233398 1.350952 2254.946045 0.000000 0.000000 0.000000 1.000000 0.426990 0.426990 0.426990
4553.681641 0.000000 2201.853516 0.000000 0.000000 0.000000 1.000000 0.385522 0.385522 0.385522
4605.489258 0.000000 2238.630859 0.000000 0.000000 0.000000 1.000000 0.443201 0.443201 0.443201
4557.001953 0.000000 2243.689209 0.000000 0.000000 0.000000 1.000000 0.561340 0.561340 0.561340
4577.979004 0.000000 2311.327881 0.000000 0.000000 0.000000 1.000000 1.000000 1.000000 1.000000
4622.080078 1.583496 2343.987549 0.000000 0.000000 0.000000 1.000000 0.515308 0.515308 0.515308
4559.632812 3.157715 2368.095459 0.000000 0.000000 0.000000 1.000000 0.675073 0.675073 0.675073
4502.426270 0.000000 2305.478027 0.000000 0.000000 0.000000 1.000000 0.370972 0.370972 0.370972
4670.172852 2.486572 2398.965088 0.000000 0.000000 0.000000 1.000000 0.491577 0.491577 0.491577
5108.149414 0.000000 2284.977051 0.000000 0.000000 0.000000 1.000000 0.647778 0.647778 0.647778
5149.885742 0.000000 2281.960205 0.000000 0.000000 0.000000 1.000000 1.000000 1.000000 1.000000
5078.615234 0.000000 2375.828125 0.000000 0.000000 0.000000 1.000000 0.553625 0.553625 0.553625
5121.894531 0.000000 2336.527832 0.000000 0.000000 0.000000 1.000000 0.464294 0.464294 0.464294
5156.118164 0.000000 2410.078613 0.000000 0.000000 0.000000 1.000000 0.704614 0.704614 0.704614
5229.243164 0.000000 2446.987305 0.000000 0.000000 0.000000 1.000000 0.605664 0.605664 0.605664
5286.017578 2.377075 2480.770996 0.000000 0.000000 0.000000 1.000000 1.249927 1.249927 1.249927
5347.750977 1.734253 2511.505615 0.000000 0.000000 0.000000 1.000000 1.320081 1.320081 1.320081
5333.673340 0.000000 2461.129883 0.000000 0.000000 0.000000 1.000000 0.661536 0.661536 0.661536
5452.939941 0.000000 2628.046143 0.000000 0.000000 0.000000 1.000000 1.000000 1.000000 1.000000
5541.334473 0.828613 2655.954346 0.000000 0.000000 0.000000 1.000000 0.470508 0.470508 0.470508
5620.071777 0.000000 2677.113281 0.000000 0.000000 0.000000 1.000000 0.347656 0.347656 0.347656
5894.521484 1.091064 2701.614990 0.000000 0.000000 0.000000 1.000000 0.367312 0.367312 0.367312
5868.600586 1.091064 2723.447998 0.000000 0.000000 0.000000 1.000000 0.367312 0.367312 0.367312
5844.285645 1.091064 2724.152588 0.000000 0.000000 0.000000 1.000000 0.367312 0.367312 0.367312
5845.644531 1.770508 2691.831787 0.000000 0.000000 0.000000 1.000000 0.367312 0.367312 0.367312
5819.081055 1.770508 2703.385254 0.000000 0.000000 0.000000 1.000000 0.367312 0.367312 0.367312
5829.388672 -0.663574 2637.803467 0.000000 0.000000 0.000000 1.000000 0.305434 0.305434 0.305434
5763.437988 -0.663574 2658.192383 0.000000 0.000000 0.000000 1.000000 0.276416 0.276416 0.276416
5708.643555 -0.663574 2704.295166 0.000000 0.000000 0.000000 1.000000 0.276416 0.276416 0.276416
5652.940918 0.000000 2682.146729 0.000000 0.000000 0.000000 1.000000 0.276416 0.276416 0.276416
4510.267578 1.328857 2776.759277 0.000000 0.000000 0.000000 1.000000 1.000000 1.000000 1.000000
4475.141602 0.000000 2833.049072 0.000000 0.000000 0.000000 1.000000 0.578418 0.578418 0.578418
"}
object={
	name="env_desert_plains"
	render_pass=Map
	clamp_to_water_level=yes
	generated_content=no
	layer="env_effect_layer"
	entity="env_desert_plains"
	count=15
	transform="380.762756 0.000000 1148.083740 0.000000 0.000000 0.000000 1.000000 0.741217 0.741217 0.741217
3405.906738 0.000000 1687.281250 0.000000 0.000000 0.000000 1.000000 0.671313 0.671313 0.671313
3431.007080 0.000000 1632.045776 0.000000 0.000000 0.000000 1.000000 0.665503 0.665503 0.665503
3414.803955 0.000000 1658.884766 0.000000 0.000000 0.000000 1.000000 0.534302 0.534302 0.534302
3454.817139 0.000000 1519.740356 0.000000 0.000000 0.000000 1.000000 0.722021 0.722021 0.722021
4743.164551 0.000000 1955.249390 0.000000 0.000000 0.000000 1.000000 1.000000 1.000000 1.000000
4788.098145 0.000000 1983.978882 0.000000 0.000000 0.000000 1.000000 1.000000 1.000000 1.000000
4613.948242 0.000000 1839.322998 0.000000 0.000000 0.000000 1.000000 1.000000 1.000000 1.000000
4624.004883 0.000000 1791.230713 0.000000 0.000000 0.000000 1.000000 1.000000 1.000000 1.000000
4259.658691 0.000000 1996.735962 0.000000 0.000000 0.000000 1.000000 0.667493 0.667493 0.667493
4249.641113 0.000000 2384.041992 0.000000 0.000000 0.000000 1.000000 0.711273 0.711273 0.711273
3904.614502 0.000000 2932.605225 0.000000 0.000000 0.000000 1.000000 0.714624 0.714624 0.714624
4766.006348 0.000000 2895.659424 0.000000 0.000000 0.000000 1.000000 1.000000 1.000000 1.000000
5802.192871 0.000000 2841.054932 0.000000 0.000000 0.000000 1.000000 0.636865 0.636865 0.636865
5377.431641 0.000000 2313.399658 0.000000 0.000000 0.000000 1.000000 1.000000 1.000000 1.000000
"}
object={
	name="env_desert_plains_ambient"
	render_pass=Map
	clamp_to_water_level=yes
	generated_content=no
	layer="env_effect_layer"
	entity="env_desert_plains_ambient"
	count=99
	transform="235.835510 0.000000 1460.768066 0.000000 0.000000 0.000000 1.000000 1.000000 1.000000 1.000000
222.681961 0.000000 1376.556030 0.000000 0.000000 0.000000 1.000000 1.000000 1.000000 1.000000
253.601166 0.000000 1537.021240 0.000000 0.000000 0.000000 1.000000 0.955786 0.955786 0.955786
313.405426 0.000000 1646.953369 0.000000 0.000000 0.000000 1.000000 1.000000 1.000000 1.000000
181.545670 0.000000 1421.240112 0.000000 0.000000 0.000000 1.000000 1.000000 1.000000 1.000000
449.452362 -0.242310 1409.531372 0.000000 0.000000 0.000000 1.000000 1.815253 1.815253 1.815253
630.685303 0.000000 1356.785522 0.000000 0.000000 0.000000 1.000000 2.668341 2.668341 2.668341
608.178223 0.000000 1567.652954 0.000000 0.000000 0.000000 1.000000 2.037744 2.037744 2.037744
951.118103 0.000000 1323.411621 0.000000 0.000000 0.000000 1.000000 2.198291 2.198291 2.198291
863.019653 0.000000 1491.207764 0.000000 0.000000 0.000000 1.000000 2.171826 2.171826 2.171826
1051.690186 0.000000 1812.904175 0.000000 0.000000 0.000000 1.000000 2.078748 2.078748 2.078748
937.016235 0.000000 1790.712280 0.000000 0.000000 0.000000 1.000000 1.765440 1.765440 1.765440
1356.132202 0.000000 1535.640747 0.000000 0.000000 0.000000 1.000000 2.440082 2.440082 2.440082
1407.069580 0.000000 1797.926392 0.000000 0.000000 0.000000 1.000000 1.757678 1.757678 1.757678
1283.235107 0.000000 1910.041748 0.000000 0.000000 0.000000 1.000000 1.000000 1.000000 1.000000
715.574341 0.000000 1757.102417 0.000000 0.000000 0.000000 1.000000 0.671838 0.671838 0.671838
560.582703 0.000000 1718.916992 0.000000 0.000000 0.000000 1.000000 0.475837 0.475837 0.475837
484.149994 0.000000 1695.513306 0.000000 0.000000 0.000000 1.000000 0.511557 0.511557 0.511557
1325.079102 0.000000 1203.069458 0.000000 0.000000 0.000000 1.000000 1.828168 1.828168 1.828168
1587.491577 0.000000 1326.929932 0.000000 0.000000 0.000000 1.000000 1.841754 1.841754 1.841754
1675.619263 0.000000 1100.902710 0.000000 0.000000 0.000000 1.000000 1.221500 1.221500 1.221500
1912.730225 0.000000 1205.510742 0.000000 0.000000 0.000000 1.000000 1.889435 1.889435 1.889435
1763.812256 0.000000 1451.333862 0.000000 0.000000 0.000000 1.000000 1.038013 1.038013 1.038013
1696.227905 0.000000 1690.525757 0.000000 0.000000 0.000000 1.000000 1.542456 1.542456 1.542456
1932.554810 0.000000 1647.950317 0.000000 0.000000 0.000000 1.000000 0.716504 0.716504 0.716504
2045.260010 0.000000 1477.701416 0.000000 0.000000 0.000000 1.000000 2.235785 2.235785 2.235785
2279.842773 0.000000 1258.314209 0.000000 0.000000 0.000000 1.000000 2.690900 2.690900 2.690900
2504.344238 0.000000 1302.695312 0.000000 0.000000 0.000000 1.000000 3.127435 3.127435 3.127435
2407.573975 0.000000 1545.682129 0.000000 0.000000 0.000000 1.000000 2.224841 2.224841 2.224841
3096.971436 0.000000 606.629517 0.000000 0.000000 0.000000 1.000000 0.636585 0.636585 0.636585
3474.769531 0.000000 814.361450 0.000000 0.000000 0.000000 1.000000 0.841418 0.841418 0.841418
3659.311279 0.000000 877.749329 0.000000 0.000000 0.000000 1.000000 0.361235 0.361235 0.361235
3527.307373 0.000000 787.451050 0.000000 0.000000 0.000000 1.000000 0.972903 0.972903 0.972903
2645.522461 0.000000 1632.439575 0.000000 0.000000 0.000000 1.000000 1.000000 1.000000 1.000000
2767.062500 0.000000 1701.085205 0.000000 0.000000 0.000000 1.000000 0.611597 0.611597 0.611597
2765.830566 0.000000 1348.596558 0.000000 0.000000 0.000000 1.000000 0.667139 0.667139 0.667139
2878.604492 0.000000 1386.136963 0.000000 0.000000 0.000000 1.000000 0.672772 0.672772 0.672772
2834.711914 0.000000 1241.569824 0.000000 0.000000 0.000000 1.000000 0.545020 0.545020 0.545020
2687.249023 0.000000 1093.326416 0.000000 0.000000 0.000000 1.000000 1.145217 1.145217 1.145217
2580.817383 0.000000 1095.869263 0.000000 0.000000 0.000000 1.000000 0.368042 0.368042 0.368042
2953.906250 0.000000 1110.641602 0.000000 0.000000 0.000000 1.000000 0.644995 0.644995 0.644995
3022.203125 0.000000 1204.499756 0.000000 0.000000 0.000000 1.000000 0.469543 0.469543 0.469543
2863.662842 0.000000 1554.460083 0.000000 0.000000 0.000000 1.000000 0.423084 0.423084 0.423084
2947.198975 0.000000 1503.706543 0.000000 0.000000 0.000000 1.000000 0.329249 0.329249 0.329249
2894.590820 0.000000 1471.180542 0.000000 0.000000 0.000000 1.000000 0.220822 0.220822 0.220822
2961.648438 0.000000 1291.839478 0.000000 0.000000 0.000000 1.000000 0.220822 0.220822 0.220822
2957.141602 0.000000 1257.436890 0.000000 0.000000 0.000000 1.000000 0.220822 0.220822 0.220822
3108.066162 0.000000 1224.505249 0.000000 0.000000 0.000000 1.000000 0.220822 0.220822 0.220822
2889.845703 0.000000 1808.539307 0.000000 0.000000 0.000000 1.000000 0.372290 0.372290 0.372290
3491.615234 0.000000 3030.870850 0.000000 0.000000 0.000000 1.000000 0.973608 0.973608 0.973608
3443.607666 0.853027 3100.119141 0.000000 0.000000 0.000000 1.000000 1.155151 1.155151 1.155151
3086.441650 0.000000 2111.666748 0.000000 0.000000 0.000000 1.000000 0.185437 0.185437 0.185437
3137.359619 0.000000 2140.161377 0.000000 0.000000 0.000000 1.000000 0.218945 0.218945 0.218945
3288.025391 0.000000 2141.755127 0.000000 0.000000 0.000000 1.000000 0.362835 0.362835 0.362835
3257.235840 0.000000 2153.337402 0.000000 0.000000 0.000000 1.000000 0.444038 0.444038 0.444038
3143.598145 0.000000 1949.274292 0.000000 0.000000 0.000000 1.000000 1.631763 1.631763 1.631763
3254.051514 0.000000 1946.569946 0.000000 0.000000 0.000000 1.000000 1.603003 1.603003 1.603003
3096.004150 0.000000 1793.192993 0.000000 0.000000 0.000000 1.000000 1.000000 1.000000 1.000000
3156.039551 0.000000 1759.107544 0.000000 0.000000 0.000000 1.000000 1.000000 1.000000 1.000000
3411.208984 0.000000 1851.195801 0.000000 0.000000 0.000000 1.000000 0.893115 0.893115 0.893115
3475.406006 0.000000 1712.255005 0.000000 0.000000 0.000000 1.000000 0.812964 0.812964 0.812964
3560.678711 0.000000 1662.877686 0.000000 0.000000 0.000000 1.000000 0.696912 0.696912 0.696912
3520.870850 0.000000 1685.731934 0.000000 0.000000 0.000000 1.000000 0.520020 0.520020 0.520020
3505.108398 0.000000 1324.659790 0.000000 0.000000 0.000000 1.000000 1.281580 1.281580 1.281580
3630.783447 0.000000 1392.323608 0.000000 0.000000 0.000000 1.000000 1.886658 1.886658 1.886658
3757.336914 0.000000 1401.391357 0.000000 0.000000 0.000000 1.000000 2.326880 2.326880 2.326880
3916.752441 0.000000 1442.814331 0.000000 0.000000 0.000000 1.000000 1.476953 1.476953 1.476953
4695.517090 0.000000 1904.501099 0.000000 0.000000 0.000000 1.000000 0.649577 0.649577 0.649577
4337.340820 0.000000 1933.248657 0.000000 0.000000 0.000000 1.000000 0.830762 0.830762 0.830762
4383.982910 0.000000 1974.502808 0.000000 0.000000 0.000000 1.000000 0.872400 0.872400 0.872400
4078.819336 0.000000 1981.244141 0.000000 0.000000 0.000000 1.000000 0.587683 0.587683 0.587683
4041.741211 0.000000 2031.674316 0.000000 0.000000 0.000000 1.000000 0.620581 0.620581 0.620581
3903.429199 0.000000 2192.447998 0.000000 0.000000 0.000000 1.000000 0.812427 0.812427 0.812427
3848.349854 0.000000 2190.542236 0.000000 0.000000 0.000000 1.000000 0.457410 0.457410 0.457410
4111.529785 0.000000 2503.534180 0.000000 0.000000 0.000000 1.000000 0.821436 0.821436 0.821436
4024.809082 0.000000 2500.285400 0.000000 0.000000 0.000000 1.000000 1.160376 1.160376 1.160376
3989.184326 0.000000 2571.764648 0.000000 0.000000 0.000000 1.000000 0.693506 0.693506 0.693506
3960.515137 0.000000 2487.213867 0.000000 0.000000 0.000000 1.000000 0.597510 0.597510 0.597510
3860.700439 0.000000 2575.445312 0.000000 0.000000 0.000000 1.000000 0.542085 0.542085 0.542085
3840.008301 0.000000 2657.594238 0.000000 0.000000 0.000000 1.000000 1.081183 1.081183 1.081183
3844.851074 0.000000 2761.720215 0.000000 0.000000 0.000000 1.000000 0.853526 0.853526 0.853526
3862.918701 0.000000 2847.655029 0.000000 0.000000 0.000000 1.000000 0.664233 0.664233 0.664233
4326.216309 0.000000 2688.143799 0.000000 0.000000 0.000000 1.000000 1.000000 1.000000 1.000000
4199.408691 0.000000 2731.362305 0.000000 0.000000 0.000000 1.000000 1.589917 1.589917 1.589917
4202.456543 0.000000 2625.510254 0.000000 0.000000 0.000000 1.000000 0.764697 0.764697 0.764697
4111.606445 0.000000 2758.019531 0.000000 0.000000 0.000000 1.000000 1.163330 1.163330 1.163330
4869.219727 0.000000 2961.630859 0.000000 0.000000 0.000000 1.000000 0.533496 0.533496 0.533496
4838.917480 0.000000 2992.865234 0.000000 0.000000 0.000000 1.000000 0.533496 0.533496 0.533496
4792.088867 0.000000 2999.265137 0.000000 0.000000 0.000000 1.000000 0.533496 0.533496 0.533496
5428.048828 0.000000 3106.465820 0.000000 0.000000 0.000000 1.000000 0.585085 0.585085 0.585085
5469.257324 0.000000 3087.922852 0.000000 0.000000 0.000000 1.000000 0.412891 0.412891 0.412891
5714.030273 0.000000 2848.424805 0.000000 0.000000 0.000000 1.000000 0.834985 0.834985 0.834985
5635.437988 0.000000 2852.791748 0.000000 0.000000 0.000000 1.000000 1.218555 1.218555 1.218555
5531.523926 0.000000 2838.743164 0.000000 0.000000 0.000000 1.000000 0.561401 0.561401 0.561401
5295.555664 0.000000 2685.383545 0.000000 0.000000 0.000000 1.000000 1.197266 1.197266 1.197266
5162.131348 0.000000 2628.564941 0.000000 0.000000 0.000000 1.000000 1.687988 1.687988 1.687988
5022.660156 0.000000 2578.134521 0.000000 0.000000 0.000000 1.000000 1.480249 1.480249 1.480249
4918.284180 0.000000 2528.772949 0.000000 0.000000 0.000000 1.000000 0.734290 0.734290 0.734290
5237.664062 0.000000 2342.575684 0.000000 0.000000 0.000000 1.000000 0.511047 0.511047 0.511047
"}
object={
	name="env_forest_mountains"
	render_pass=Map
	clamp_to_water_level=yes
	generated_content=no
	layer="env_effect_mountains_layer"
	entity="env_mist_sun"
	count=0
}
object={
	name="env_mist_forest"
	render_pass=Map
	clamp_to_water_level=yes
	generated_content=no
	layer="env_effect_layer"
	entity="env_mist_sun"
	count=105
	transform="2141.059326 0.000000 4055.593506 0.000000 0.000000 0.000000 1.000000 1.000000 1.000000 1.000000
2175.089844 0.000000 4089.354980 0.000000 0.000000 0.000000 1.000000 1.000000 1.000000 1.000000
2209.466797 0.000000 4033.710693 0.000000 0.000000 0.000000 1.000000 1.000000 1.000000 1.000000
2249.520264 0.000000 4181.718750 0.000000 0.000000 0.000000 1.000000 1.206787 1.206787 1.206787
2298.471680 0.000000 4205.831543 0.000000 0.000000 0.000000 1.000000 1.000000 1.000000 1.000000
2285.832764 0.000000 4094.442383 0.000000 0.000000 0.000000 1.000000 1.330542 1.330542 1.330542
2338.371338 0.000000 4097.625000 0.000000 0.000000 0.000000 1.000000 1.000000 1.000000 1.000000
2334.714844 0.000000 4054.948242 0.000000 0.000000 0.000000 1.000000 1.000000 1.000000 1.000000
2247.077881 0.000000 4019.642090 0.000000 0.000000 0.000000 1.000000 0.526074 0.526074 0.526074
2445.426270 0.000000 3854.554932 0.000000 0.000000 0.000000 1.000000 1.000000 1.000000 1.000000
2501.034668 0.000000 3837.942383 0.000000 0.000000 0.000000 1.000000 1.584106 1.584106 1.584106
2541.392578 0.000000 3733.605469 0.000000 0.000000 0.000000 1.000000 0.730298 0.730298 0.730298
2553.317383 0.000000 3690.814697 0.000000 0.000000 0.000000 1.000000 1.000000 1.000000 1.000000
2614.138184 0.000000 4058.936279 0.000000 0.000000 0.000000 1.000000 1.000000 1.000000 1.000000
2608.238281 0.000000 4011.139893 0.000000 0.000000 0.000000 1.000000 1.000000 1.000000 1.000000
2617.245117 0.000000 3965.284180 0.000000 0.000000 0.000000 1.000000 1.000000 1.000000 1.000000
2644.100098 0.000000 3988.046631 0.000000 0.000000 0.000000 1.000000 0.657153 0.657153 0.657153
2770.654053 0.000000 3980.555176 0.000000 0.000000 0.000000 1.000000 1.218066 1.218066 1.218066
2725.070557 0.000000 4193.761719 0.000000 0.000000 0.000000 1.000000 1.000000 1.000000 1.000000
2781.118652 0.000000 4162.200684 0.000000 0.000000 0.000000 1.000000 1.000000 1.000000 1.000000
2828.680908 0.000000 4126.324219 0.000000 0.000000 0.000000 1.000000 1.000000 1.000000 1.000000
2857.515625 0.000000 4086.031738 0.000000 0.000000 0.000000 1.000000 1.000000 1.000000 1.000000
2910.022705 0.000000 4005.593018 0.000000 0.000000 0.000000 1.000000 1.000000 1.000000 1.000000
2897.871826 0.000000 3949.128906 0.000000 0.000000 0.000000 1.000000 1.000000 1.000000 1.000000
2931.056396 0.000000 3885.343506 0.000000 0.000000 0.000000 1.000000 1.000000 1.000000 1.000000
2903.949219 0.000000 3821.934082 0.000000 0.000000 0.000000 1.000000 1.136914 1.136914 1.136914
2922.193359 0.000000 3762.784668 0.000000 0.000000 0.000000 1.000000 1.000000 1.000000 1.000000
2976.541504 0.000000 3836.780518 0.000000 0.000000 0.000000 1.000000 1.000000 1.000000 1.000000
3039.523926 0.000000 3799.199463 0.000000 0.000000 0.000000 1.000000 1.000000 1.000000 1.000000
3080.075439 0.000000 3751.521484 0.000000 0.000000 0.000000 1.000000 1.000000 1.000000 1.000000
3186.201660 0.000000 3795.663330 0.000000 0.000000 0.000000 1.000000 1.000000 1.000000 1.000000
3249.020020 0.000000 3806.789551 0.000000 0.000000 0.000000 1.000000 1.000000 1.000000 1.000000
3306.354248 0.000000 3824.568359 0.000000 0.000000 0.000000 1.000000 1.000000 1.000000 1.000000
3287.159424 0.000000 3875.114746 0.000000 0.000000 0.000000 1.000000 1.000000 1.000000 1.000000
3340.240967 0.000000 3913.845215 0.000000 0.000000 0.000000 1.000000 1.000000 1.000000 1.000000
3418.161133 0.000000 3924.669678 0.000000 0.000000 0.000000 1.000000 1.000000 1.000000 1.000000
3480.427734 0.000000 3942.982178 0.000000 0.000000 0.000000 1.000000 1.000000 1.000000 1.000000
3570.124023 0.000000 3938.854980 0.000000 0.000000 0.000000 1.000000 1.000000 1.000000 1.000000
3647.303955 0.000000 3952.774658 0.000000 0.000000 0.000000 1.000000 1.000000 1.000000 1.000000
3860.398193 0.000000 3896.766602 0.000000 0.000000 0.000000 1.000000 1.000000 1.000000 1.000000
3943.476807 0.000000 3949.892578 0.000000 0.000000 0.000000 1.000000 1.000000 1.000000 1.000000
4008.855469 0.000000 3931.686035 0.000000 0.000000 0.000000 1.000000 1.000000 1.000000 1.000000
4016.806885 0.000000 4016.501709 0.000000 0.000000 0.000000 1.000000 1.000000 1.000000 1.000000
4222.962891 0.000000 3940.950928 0.000000 0.000000 0.000000 1.000000 1.797559 1.797559 1.797559
4392.164062 0.000000 3870.085449 0.000000 0.000000 0.000000 1.000000 1.000000 1.000000 1.000000
4468.886719 0.000000 3797.967529 0.000000 0.000000 0.000000 1.000000 1.000000 1.000000 1.000000
4410.359863 0.000000 3670.872070 0.000000 0.000000 0.000000 1.000000 1.000000 1.000000 1.000000
4233.876953 0.000000 3678.842529 0.000000 0.000000 0.000000 1.000000 1.600635 1.600635 1.600635
4831.582520 0.000000 3916.824463 0.000000 0.000000 0.000000 1.000000 1.000000 1.000000 1.000000
4954.770996 0.000000 3961.033203 0.000000 0.000000 0.000000 1.000000 1.000000 1.000000 1.000000
5071.733398 0.000000 3963.946289 0.000000 0.000000 0.000000 1.000000 1.000000 1.000000 1.000000
5817.958496 0.000000 3937.153564 0.000000 0.000000 0.000000 1.000000 1.000000 1.000000 1.000000
6102.660156 0.000000 4163.695312 0.000000 0.000000 0.000000 1.000000 1.000000 1.000000 1.000000
6140.701172 0.000000 1586.055420 0.000000 0.000000 0.000000 1.000000 1.000000 1.000000 1.000000
6093.336426 0.000000 1683.513062 0.000000 0.000000 0.000000 1.000000 1.000000 1.000000 1.000000
6073.020020 0.000000 1776.348511 0.000000 0.000000 0.000000 1.000000 1.000000 1.000000 1.000000
6064.742188 0.000000 1856.650269 0.000000 0.000000 0.000000 1.000000 1.000000 1.000000 1.000000
6024.866211 0.000000 1942.152588 0.000000 0.000000 0.000000 1.000000 1.000000 1.000000 1.000000
6074.124023 0.000000 1997.878296 0.000000 0.000000 0.000000 1.000000 3.063232 3.063232 3.063232
5964.508789 0.000000 1943.750244 0.000000 0.000000 0.000000 1.000000 1.000000 1.000000 1.000000
5841.810059 0.000000 1828.145142 0.000000 0.000000 0.000000 1.000000 0.593762 0.593762 0.593762
5851.124512 0.000000 1770.243774 0.000000 0.000000 0.000000 1.000000 0.732153 0.732153 0.732153
5875.388672 0.000000 1716.208252 0.000000 0.000000 0.000000 1.000000 0.514282 0.514282 0.514282
5246.725586 0.000000 1519.027588 0.000000 0.000000 0.000000 1.000000 1.316821 1.316821 1.316821
5359.094238 0.000000 1500.601807 0.000000 0.000000 0.000000 1.000000 0.407538 0.407538 0.407538
5344.531250 0.000000 1456.394043 0.000000 0.000000 0.000000 1.000000 0.457458 0.457458 0.457458
2898.641113 0.000000 633.650085 0.000000 0.000000 0.000000 1.000000 4.067575 4.067575 4.067575
2700.636719 0.000000 630.591492 0.000000 0.000000 0.000000 1.000000 4.067575 4.067575 4.067575
2510.415527 0.000000 640.979309 0.000000 0.000000 0.000000 1.000000 4.067575 4.067575 4.067575
2326.315430 0.000000 649.290222 0.000000 0.000000 0.000000 1.000000 2.603565 2.603565 2.603565
2154.342773 0.000000 654.974243 0.000000 0.000000 0.000000 1.000000 2.603565 2.603565 2.603565
2017.503784 0.000000 666.235779 0.000000 0.000000 0.000000 1.000000 2.603565 2.603565 2.603565
1877.100464 0.000000 697.232788 0.000000 0.000000 0.000000 1.000000 2.603565 2.603565 2.603565
1768.888550 0.000000 613.690613 0.000000 0.000000 0.000000 1.000000 2.603565 2.603565 2.603565
1492.544678 0.000000 577.099243 0.000000 0.000000 0.000000 1.000000 0.788075 0.788075 0.788075
856.144531 0.000000 1115.621826 0.000000 0.000000 0.000000 1.000000 0.274979 0.274979 0.274979
841.608337 0.000000 1082.586182 0.000000 0.000000 0.000000 1.000000 0.443714 0.443714 0.443714
5843.829102 0.000000 3018.498779 0.000000 0.000000 0.000000 1.000000 2.872632 2.872632 2.872632
5951.733887 0.000000 3081.973145 0.000000 0.000000 0.000000 1.000000 2.918067 2.918067 2.918067
6093.823242 0.000000 3072.098145 0.000000 0.000000 0.000000 1.000000 3.948779 3.948779 3.948779
6260.731934 0.000000 3211.227295 0.000000 0.000000 0.000000 1.000000 6.633838 6.633838 6.633838
6495.341797 0.000000 2807.684326 0.000000 0.000000 0.000000 1.000000 4.178710 4.178710 4.178710
6327.373047 0.000000 3661.875488 0.000000 0.000000 0.000000 1.000000 1.534155 1.534155 1.534155
6325.858887 0.000000 3754.831787 0.000000 0.000000 0.000000 1.000000 1.615185 1.615185 1.615185
4681.729980 0.000000 3118.204102 0.000000 0.000000 0.000000 1.000000 1.166650 1.166650 1.166650
4899.223145 0.000000 3430.658203 0.000000 0.000000 0.000000 1.000000 1.000000 1.000000 1.000000
4794.894531 0.000000 3335.252441 0.000000 0.000000 0.000000 1.000000 1.459229 1.459229 1.459229
4716.460938 0.000000 3361.145752 0.000000 0.000000 0.000000 1.000000 1.464526 1.464526 1.464526
4659.264648 0.000000 3384.398193 0.000000 0.000000 0.000000 1.000000 1.396167 1.396167 1.396167
4602.474609 0.000000 3417.695068 0.000000 0.000000 0.000000 1.000000 1.370239 1.370239 1.370239
4451.886230 0.000000 3513.057617 0.000000 0.000000 0.000000 1.000000 1.897241 1.897241 1.897241
4315.296875 0.000000 3459.663330 0.000000 0.000000 0.000000 1.000000 1.242920 1.242920 1.242920
4214.666992 0.000000 3503.323242 0.000000 0.000000 0.000000 1.000000 1.346289 1.346289 1.346289
4233.651855 0.000000 3546.521240 0.000000 0.000000 0.000000 1.000000 1.060840 1.060840 1.060840
4207.695801 0.000000 3298.155029 0.000000 0.000000 0.000000 1.000000 1.728418 1.728418 1.728418
4129.923828 0.000000 3300.139893 0.000000 0.000000 0.000000 1.000000 1.416357 1.416357 1.416357
4060.210938 0.000000 3282.271240 0.000000 0.000000 0.000000 1.000000 1.374268 1.374268 1.374268
3896.086182 0.000000 3201.438477 0.000000 0.000000 0.000000 1.000000 1.335938 1.335938 1.335938
3789.792236 0.000000 3199.219727 0.000000 0.000000 0.000000 1.000000 1.157056 1.157056 1.157056
3694.904297 0.000000 3211.454834 0.000000 0.000000 0.000000 1.000000 1.000000 1.000000 1.000000
3619.990723 0.000000 3202.754639 0.000000 0.000000 0.000000 1.000000 1.000000 1.000000 1.000000
3313.828369 0.000000 2865.437744 0.000000 0.000000 0.000000 1.000000 1.921509 1.921509 1.921509
3206.026367 0.000000 2880.157471 0.000000 0.000000 0.000000 1.000000 2.267358 2.267358 2.267358
4590.911621 0.000000 3685.989014 0.000000 0.000000 0.000000 1.000000 1.346802 1.346802 1.346802
4663.714844 0.000000 3674.239502 0.000000 0.000000 0.000000 1.000000 1.084546 1.084546 1.084546
"}
object={
	name="env_snow_mountains"
	render_pass=Map
	clamp_to_water_level=yes
	generated_content=no
	layer="env_effect_mountains_layer"
	entity="env_snow_mountains"
	count=287
	transform="423.111237 1.298828 4389.760254 0.000000 0.000000 0.000000 1.000000 1.000000 1.000000 1.000000
387.805328 0.000000 4367.417969 0.000000 0.000000 0.000000 1.000000 1.000000 1.000000 1.000000
344.554749 5.117920 4384.514160 0.000000 0.000000 0.000000 1.000000 1.000000 1.000000 1.000000
1463.434326 0.000000 3855.956299 0.000000 0.000000 0.000000 1.000000 1.000000 1.000000 1.000000
1460.485107 0.000000 3905.167969 0.000000 0.000000 0.000000 1.000000 1.000000 1.000000 1.000000
1494.390625 0.579102 3939.036377 0.000000 0.000000 0.000000 1.000000 1.000000 1.000000 1.000000
1532.343384 0.000000 3978.101074 0.000000 0.000000 0.000000 1.000000 1.000000 1.000000 1.000000
1502.461304 0.000000 4019.908936 0.000000 0.000000 0.000000 1.000000 1.000000 1.000000 1.000000
1421.408691 -2.034424 3959.551514 0.000000 0.000000 0.000000 1.000000 0.549879 0.549879 0.549879
1657.896606 0.000000 4025.844482 0.000000 0.000000 0.000000 1.000000 1.000000 1.000000 1.000000
1670.635864 0.000000 3991.249023 0.000000 0.000000 0.000000 1.000000 0.716406 0.716406 0.716406
1701.415771 1.303711 4016.849609 0.000000 0.000000 0.000000 1.000000 0.640674 0.640674 0.640674
1666.953857 0.000000 4087.765869 0.000000 0.000000 0.000000 1.000000 0.420435 0.420435 0.420435
1574.143433 0.000000 4076.350098 0.000000 0.000000 0.000000 1.000000 0.445281 0.445281 0.445281
1607.653931 0.000000 4019.716064 0.000000 0.000000 0.000000 1.000000 0.561987 0.561987 0.561987
1536.215698 0.000000 4059.919434 0.000000 0.000000 0.000000 1.000000 0.553491 0.553491 0.553491
1735.906372 0.000000 4185.617676 0.000000 0.000000 0.000000 1.000000 1.000000 1.000000 1.000000
1742.799561 0.000000 4240.994629 0.000000 0.000000 0.000000 1.000000 1.303711 1.303711 1.303711
1808.067261 0.000000 4274.829102 0.000000 0.000000 0.000000 1.000000 0.713184 0.713184 0.713184
1820.068604 0.000000 4331.696289 0.000000 0.000000 0.000000 1.000000 1.000000 1.000000 1.000000
1852.724609 0.000000 4325.275879 0.000000 0.000000 0.000000 1.000000 0.755225 0.755225 0.755225
1892.585449 0.000000 4380.753906 0.000000 0.000000 0.000000 1.000000 1.000000 1.000000 1.000000
1915.223755 0.000000 4424.613770 0.000000 0.000000 0.000000 1.000000 1.000000 1.000000 1.000000
1933.751343 0.758789 4455.053711 0.000000 0.000000 0.000000 1.000000 0.688883 0.688883 0.688883
2110.329346 0.000000 4512.892578 0.000000 0.000000 0.000000 1.000000 0.589235 0.589235 0.589235
2071.147949 1.435303 4516.445801 0.000000 0.000000 0.000000 1.000000 0.461432 0.461432 0.461432
2239.045654 0.000000 4433.663574 0.000000 0.000000 0.000000 1.000000 0.415137 0.415137 0.415137
2269.031494 0.000000 4415.984863 0.000000 0.000000 0.000000 1.000000 0.387738 0.387738 0.387738
1411.984741 0.000000 3220.378662 0.000000 0.000000 0.000000 1.000000 0.652586 0.652586 0.652586
1388.280762 1.646484 3200.868408 0.000000 0.000000 0.000000 1.000000 0.423999 0.423999 0.423999
1343.180664 1.218994 3123.616455 0.000000 0.000000 0.000000 1.000000 0.408545 0.408545 0.408545
1344.107300 0.000000 3036.278564 0.000000 0.000000 0.000000 1.000000 0.463647 0.463647 0.463647
1317.361206 2.181396 2987.553711 0.000000 0.000000 0.000000 1.000000 0.650464 0.650464 0.650464
1400.756348 0.832275 3021.939941 0.000000 0.000000 0.000000 1.000000 0.478882 0.478882 0.478882
1388.123779 0.000000 2971.476807 0.000000 0.000000 0.000000 1.000000 0.425046 0.425046 0.425046
1339.293823 0.686768 2931.236816 0.000000 0.000000 0.000000 1.000000 0.658350 0.658350 0.658350
1293.190186 0.000000 2883.727051 0.000000 0.000000 0.000000 1.000000 0.448878 0.448878 0.448878
1788.924927 -0.680908 2944.292725 0.000000 0.000000 0.000000 1.000000 0.366919 0.366919 0.366919
1611.089966 -0.935791 2905.111084 0.000000 0.000000 0.000000 1.000000 0.394219 0.394219 0.394219
1677.422363 -0.375244 2912.082764 0.000000 0.000000 0.000000 1.000000 0.394219 0.394219 0.394219
1777.107422 -0.744873 2854.544189 0.000000 0.000000 0.000000 1.000000 0.394219 0.394219 0.394219
1795.591187 -0.744873 2850.944092 0.000000 0.000000 0.000000 1.000000 0.394219 0.394219 0.394219
1687.936279 0.000000 2851.083252 0.000000 0.000000 0.000000 1.000000 0.823218 0.823218 0.823218
1612.031494 0.358643 2847.155518 0.000000 0.000000 0.000000 1.000000 1.000000 1.000000 1.000000
1657.518188 0.000000 2851.992920 0.000000 0.000000 0.000000 1.000000 0.708361 0.708361 0.708361
1517.812256 3.621582 2861.520752 0.000000 0.000000 0.000000 1.000000 1.000000 1.000000 1.000000
1487.120972 0.000000 2838.065674 0.000000 0.000000 0.000000 1.000000 0.639355 0.639355 0.639355
1702.495850 -1.615356 2549.928711 0.000000 0.000000 0.000000 1.000000 0.570837 0.570837 0.570837
1744.588745 -1.685913 2498.523682 0.000000 0.000000 0.000000 1.000000 0.340351 0.340351 0.340351
1821.668579 0.000000 2416.760986 0.000000 0.000000 0.000000 1.000000 0.343614 0.343614 0.343614
1550.123169 2.139160 2674.733154 0.000000 -0.297840 0.000000 0.954616 0.375609 0.375609 0.375609
1443.854858 -0.790771 2714.062500 0.000000 -0.292183 0.000000 0.956362 0.256374 0.256374 0.256374
1474.778076 -0.790771 2708.390381 0.000000 -0.292183 0.000000 0.956362 0.453806 0.453806 0.453806
1410.615601 1.370850 2851.088867 0.000000 0.000000 0.000000 1.000000 1.000000 1.000000 1.000000
1374.350830 0.000000 2831.366943 0.000000 0.000000 0.000000 1.000000 0.676709 0.676709 0.676709
1345.938965 -0.169434 2777.225098 0.000000 0.000000 0.000000 1.000000 0.387598 0.387598 0.387598
1333.659302 0.087402 2802.791016 0.000000 0.000000 0.000000 1.000000 0.387598 0.387598 0.387598
1329.390381 -0.643311 2834.978271 0.000000 0.000000 0.000000 1.000000 0.387598 0.387598 0.387598
1324.208984 2.065674 2721.790527 0.000000 0.000000 0.000000 1.000000 0.609570 0.609570 0.609570
1349.609985 0.000000 2684.695801 0.000000 0.000000 0.000000 1.000000 0.529541 0.529541 0.529541
1895.815308 0.948975 2644.705322 0.000000 -0.236611 0.000000 0.971604 0.284659 0.284659 0.284659
1887.436890 0.948975 2655.365967 0.000000 -0.101221 0.000000 0.994864 0.316528 0.316528 0.316528
1531.474121 0.000000 3278.816650 0.000000 0.000000 0.000000 1.000000 0.292334 0.292334 0.292334
1500.735352 0.915527 3182.412109 0.000000 0.000000 0.000000 1.000000 0.249822 0.249822 0.249822
1650.365723 -0.220703 3176.802002 0.000000 -0.228731 0.000000 0.973490 0.182014 0.182014 0.182014
1664.381714 0.603271 3180.624756 0.000000 -0.228731 0.000000 0.973490 0.210191 0.210191 0.210191
1703.059204 -0.231201 3196.874023 0.000000 -0.228731 0.000000 0.973490 0.182014 0.182014 0.182014
1716.183228 -0.231201 3198.088135 0.000000 -0.228731 0.000000 0.973490 0.182014 0.182014 0.182014
1815.600952 1.618652 3186.158203 0.000000 -0.228731 0.000000 0.973490 0.265508 0.265508 0.265508
2081.704834 0.101562 3034.792969 0.000000 -0.525328 0.000000 0.850900 0.265508 0.265508 0.265508
2064.724854 0.101562 3046.483643 0.000000 -0.525328 0.000000 0.850900 0.265508 0.265508 0.265508
2036.834351 0.101562 3045.730713 0.000000 -0.525328 0.000000 0.850900 0.265508 0.265508 0.265508
2002.494263 -0.338623 3041.698730 0.000000 -0.525328 0.000000 0.850900 0.265508 0.265508 0.265508
2042.877197 -0.338623 3070.186768 0.000000 -0.525328 0.000000 0.850900 0.265508 0.265508 0.265508
2018.984863 0.454345 3066.882324 0.000000 -0.525328 0.000000 0.850900 0.265508 0.265508 0.265508
2003.614624 0.727539 3089.849854 0.000000 -0.525328 0.000000 0.850900 0.265508 0.265508 0.265508
1969.579712 -0.405030 3053.567627 0.000000 -0.525328 0.000000 0.850900 0.265508 0.265508 0.265508
1958.802368 -0.405030 3077.818359 0.000000 -0.525328 0.000000 0.850900 0.265508 0.265508 0.265508
1923.557983 -0.405030 3042.961182 0.000000 -0.228731 0.000000 0.973490 0.265508 0.265508 0.265508
1908.811890 0.432861 3145.976318 0.000000 -0.228731 0.000000 0.973490 0.265508 0.265508 0.265508
1880.467896 1.353271 3151.941406 0.000000 -0.228731 0.000000 0.973490 0.265508 0.265508 0.265508
1832.175781 2.047607 3111.050293 0.000000 -0.228731 0.000000 0.973490 0.265508 0.265508 0.265508
1787.405762 -0.104248 3076.179688 0.000000 -0.228731 0.000000 0.973490 0.265508 0.265508 0.265508
1760.354126 0.350342 3019.945557 0.000000 -0.228731 0.000000 0.973490 0.265508 0.265508 0.265508
1712.490234 1.057129 3040.400879 0.000000 -0.228731 0.000000 0.973490 0.265508 0.265508 0.265508
1695.446289 1.057129 3049.423340 0.000000 -0.228731 0.000000 0.973490 0.265508 0.265508 0.265508
1644.612061 1.057129 3094.765869 0.000000 -0.228731 0.000000 0.973490 0.328506 0.328506 0.328506
1616.214966 1.057129 3138.553711 0.000000 -0.228731 0.000000 0.973490 0.328506 0.328506 0.328506
1564.062988 1.057129 3167.901611 0.000000 0.000000 0.000000 1.000000 0.328506 0.328506 0.328506
1068.942383 0.000000 2576.659668 0.000000 0.000000 0.000000 1.000000 0.567871 0.567871 0.567871
984.203247 0.000000 2594.708740 0.000000 0.000000 0.000000 1.000000 0.721729 0.721729 0.721729
943.838501 -0.761963 2619.500488 0.000000 0.000000 0.000000 1.000000 0.623917 0.623917 0.623917
908.972595 -1.760742 2626.799316 0.000000 0.000000 0.000000 1.000000 0.485645 0.485645 0.485645
877.574646 0.000000 2633.433838 0.000000 0.000000 0.000000 1.000000 0.391145 0.391145 0.391145
753.688721 0.000000 2493.733643 0.000000 0.000000 0.000000 1.000000 0.376125 0.376125 0.376125
807.291870 0.000000 2559.906494 0.000000 0.000000 0.000000 1.000000 0.376125 0.376125 0.376125
654.766235 0.000000 2443.887451 0.000000 0.000000 0.000000 1.000000 0.576605 0.576605 0.576605
688.386841 0.000000 2455.433350 0.000000 0.000000 0.000000 1.000000 0.576605 0.576605 0.576605
719.178772 0.000000 2477.739502 0.000000 0.000000 0.000000 1.000000 0.576605 0.576605 0.576605
583.235352 0.000000 2451.090332 0.000000 0.000000 0.000000 1.000000 0.567292 0.567292 0.567292
526.742493 0.000000 2447.748535 0.000000 0.000000 0.000000 1.000000 0.443091 0.443091 0.443091
621.572693 0.000000 2646.897949 0.000000 0.000000 0.000000 1.000000 0.340548 0.340548 0.340548
578.333374 -1.607666 2626.332031 0.000000 0.000000 0.000000 1.000000 0.368213 0.368213 0.368213
596.925171 -0.268555 2647.488037 0.000000 0.000000 0.000000 1.000000 0.362500 0.362500 0.362500
2217.422363 -0.939575 2303.980957 0.000000 -0.381951 0.000000 0.924182 0.287561 0.287561 0.287561
2205.029297 -0.939575 2318.638916 0.000000 -0.381951 0.000000 0.924182 0.287561 0.287561 0.287561
2125.221680 -0.939575 2377.812500 0.000000 -0.381951 0.000000 0.924182 0.287561 0.287561 0.287561
2107.388916 -0.939575 2369.372314 0.000000 0.031001 0.000000 0.999519 0.287561 0.287561 0.287561
2096.169189 -0.939575 2384.979492 0.000000 0.031001 0.000000 0.999519 0.287561 0.287561 0.287561
2315.442627 -0.022705 2513.173828 0.000000 0.122101 0.000000 0.992518 0.287561 0.287561 0.287561
2345.084961 -0.956421 2488.206787 0.000000 0.230365 0.000000 0.973104 0.287561 0.287561 0.287561
2226.399902 -0.956421 2462.155518 0.000000 0.230365 0.000000 0.973104 0.287561 0.287561 0.287561
2204.634766 -0.380371 2445.840332 0.000000 0.000000 0.000000 1.000000 0.287561 0.287561 0.287561
2145.758301 -0.380371 2523.627930 0.000000 0.000000 0.000000 1.000000 0.287561 0.287561 0.287561
2136.469971 -1.619019 2505.559082 0.000000 0.000000 0.000000 1.000000 0.287561 0.287561 0.287561
2088.376709 -1.619019 2547.597168 0.000000 0.000000 0.000000 1.000000 0.287561 0.287561 0.287561
2389.973145 -0.981445 2581.479736 0.000000 -0.478434 0.000000 0.878123 0.293530 0.293530 0.293530
2357.711670 -0.981445 2583.608887 0.000000 -0.478434 0.000000 0.878123 0.293530 0.293530 0.293530
2334.117920 -0.981445 2583.758789 0.000000 -0.478434 0.000000 0.878123 0.293530 0.293530 0.293530
2217.579834 0.416260 2757.550049 0.000000 0.000000 0.000000 1.000000 0.491748 0.491748 0.491748
2415.823242 0.000000 2802.581055 0.000000 0.000000 0.000000 1.000000 0.373841 0.373841 0.373841
2327.724609 0.000000 2787.906006 0.000000 0.000000 0.000000 1.000000 0.413428 0.413428 0.413428
2272.887207 0.000000 2783.568359 0.000000 0.000000 0.000000 1.000000 0.413428 0.413428 0.413428
2210.558594 -0.804932 2853.920410 0.000000 -0.253520 0.000000 0.967330 0.312969 0.312969 0.312969
2211.981201 -0.804932 2872.864014 0.000000 -0.253520 0.000000 0.967330 0.312969 0.312969 0.312969
2204.208984 -1.614258 2896.384766 0.000000 -0.253520 0.000000 0.967330 0.312969 0.312969 0.312969
2221.493164 -0.479492 3020.127686 0.000000 -0.468893 0.000000 0.883255 0.314180 0.314180 0.314180
2176.301514 -0.382813 3063.284668 0.000000 -0.583240 0.000000 0.812300 0.418444 0.418444 0.418444
2221.979736 -0.763184 3048.635498 0.000000 -0.253520 0.000000 0.967330 0.418444 0.418444 0.418444
2270.431396 -1.370605 3010.268311 0.000000 -0.253520 0.000000 0.967330 0.418444 0.418444 0.418444
2283.101807 -0.108887 2991.042236 0.000000 -0.253520 0.000000 0.967330 0.312969 0.312969 0.312969
2305.886230 -1.401123 2968.597412 0.000000 -0.253520 0.000000 0.967330 0.312969 0.312969 0.312969
2263.380859 -1.547607 2946.138916 0.000000 -0.253520 0.000000 0.967330 0.312969 0.312969 0.312969
2354.490234 0.000000 2912.421875 0.000000 -0.253520 0.000000 0.967330 0.312969 0.312969 0.312969
2390.451172 0.000000 2872.914795 0.000000 0.000000 0.000000 1.000000 0.312969 0.312969 0.312969
2397.079346 0.000000 2849.305664 0.000000 0.000000 0.000000 1.000000 0.312969 0.312969 0.312969
2754.281250 -0.244873 2223.907959 0.000000 -0.170850 0.000000 0.985297 0.198864 0.198864 0.198864
3043.704590 -0.812500 2294.571045 0.000000 -0.256884 0.000000 0.966442 0.242041 0.242041 0.242041
3063.996826 -1.679932 2301.212158 0.000000 -0.256884 0.000000 0.966442 0.242041 0.242041 0.242041
2941.779785 0.625366 2320.078369 0.000000 -0.256884 0.000000 0.966442 0.242041 0.242041 0.242041
2925.880615 0.099976 2269.646973 0.000000 -0.256884 0.000000 0.966442 0.242041 0.242041 0.242041
2885.091797 -0.625366 2229.989746 0.000000 -0.256884 0.000000 0.966442 0.242041 0.242041 0.242041
2869.705811 0.000000 2213.371582 0.000000 -0.256884 0.000000 0.966442 0.242041 0.242041 0.242041
2780.677246 0.000000 2199.613525 0.000000 -0.256884 0.000000 0.966442 0.288723 0.288723 0.288723
3378.909668 3.609131 2416.701660 0.000000 0.000000 0.000000 1.000000 0.646680 0.646680 0.646680
3420.685791 0.000000 2467.759766 0.000000 0.000000 0.000000 1.000000 0.261108 0.261108 0.261108
3335.427246 0.000000 2496.893066 0.000000 0.000000 0.000000 1.000000 0.198980 0.198980 0.198980
3346.600342 0.000000 2448.304932 0.000000 0.000000 0.000000 1.000000 0.198980 0.198980 0.198980
3625.333740 0.000000 2299.654541 0.000000 0.000000 0.000000 1.000000 0.217908 0.217908 0.217908
3515.066406 0.000000 2564.435547 0.000000 0.000000 0.000000 1.000000 0.305160 0.305160 0.305160
3147.513428 -0.298828 2699.656982 0.000000 0.000000 0.000000 1.000000 0.363397 0.363397 0.363397
3178.361816 -2.193115 2690.195068 0.000000 0.000000 0.000000 1.000000 0.363397 0.363397 0.363397
3212.073242 0.128174 2682.021484 0.000000 0.000000 0.000000 1.000000 0.363397 0.363397 0.363397
3249.973145 0.128174 2682.367188 0.000000 0.000000 0.000000 1.000000 0.363397 0.363397 0.363397
3275.281982 -1.049072 2669.992920 0.000000 0.000000 0.000000 1.000000 0.363397 0.363397 0.363397
3338.446777 0.000000 2644.773926 0.000000 0.000000 0.000000 1.000000 0.456811 0.456811 0.456811
3379.446289 0.000000 2640.840576 0.000000 0.000000 0.000000 1.000000 0.456811 0.456811 0.456811
3415.243896 0.000000 2625.856445 0.000000 0.000000 0.000000 1.000000 0.456811 0.456811 0.456811
3457.010986 0.000000 2606.002197 0.000000 0.000000 0.000000 1.000000 0.456811 0.456811 0.456811
3484.590332 0.000000 2583.956055 0.000000 0.000000 0.000000 1.000000 0.456811 0.456811 0.456811
3914.639893 0.690674 3414.020752 0.000000 0.000000 0.000000 1.000000 1.000000 1.000000 1.000000
3961.624268 0.000000 3440.792969 0.000000 0.000000 0.000000 1.000000 0.815552 0.815552 0.815552
3984.239258 0.000000 3376.116211 0.000000 0.000000 0.000000 1.000000 0.588525 0.588525 0.588525
4032.625244 0.000000 3483.418945 0.000000 0.000000 0.000000 1.000000 0.405396 0.405396 0.405396
3991.785156 1.763672 3464.886475 0.000000 0.000000 0.000000 1.000000 0.510840 0.510840 0.510840
3801.188477 0.000000 3803.912109 0.000000 0.000000 0.000000 1.000000 1.000000 1.000000 1.000000
3772.908203 0.000000 3857.809570 0.000000 0.000000 0.000000 1.000000 1.000000 1.000000 1.000000
3769.545410 0.000000 3918.502441 0.000000 0.000000 0.000000 1.000000 1.000000 1.000000 1.000000
3735.724365 0.000000 3991.809814 0.000000 0.000000 0.000000 1.000000 1.000000 1.000000 1.000000
6229.968262 0.000000 2100.411621 0.000000 0.000000 0.000000 1.000000 1.000000 1.000000 1.000000
6282.186035 0.000000 2185.441650 0.000000 0.000000 0.000000 1.000000 1.000000 1.000000 1.000000
6291.220703 0.000000 2267.903564 0.000000 0.000000 0.000000 1.000000 1.000000 1.000000 1.000000
6342.386719 0.000000 2324.185547 0.000000 0.000000 0.000000 1.000000 1.000000 1.000000 1.000000
6329.124512 0.000000 2398.405029 0.000000 0.000000 0.000000 1.000000 1.000000 1.000000 1.000000
6331.548828 0.000000 2503.563477 0.000000 0.000000 0.000000 1.000000 1.000000 1.000000 1.000000
6275.926758 0.000000 2566.601807 0.000000 0.000000 0.000000 1.000000 1.000000 1.000000 1.000000
6345.601074 0.000000 2598.508057 0.000000 0.000000 0.000000 1.000000 1.000000 1.000000 1.000000
6346.681152 0.000000 2663.875977 0.000000 0.000000 0.000000 1.000000 1.000000 1.000000 1.000000
6303.504395 0.000000 3485.974121 0.000000 0.000000 0.000000 1.000000 1.000000 1.000000 1.000000
6315.227539 0.000000 3572.052490 0.000000 0.000000 0.000000 1.000000 1.000000 1.000000 1.000000
6244.536133 0.000000 3940.546875 0.000000 0.000000 0.000000 1.000000 1.000000 1.000000 1.000000
6289.315918 0.000000 3994.759277 0.000000 0.000000 0.000000 1.000000 1.000000 1.000000 1.000000
3020.737061 0.000000 1009.794739 0.000000 0.000000 0.000000 1.000000 0.479129 0.479129 0.479129
3093.615234 -0.888306 1044.585449 0.000000 0.000000 0.000000 1.000000 0.194275 0.194275 0.194275
3139.242676 -1.944580 1037.224976 0.000000 0.000000 0.000000 1.000000 0.379077 0.379077 0.379077
3179.531006 0.000000 1061.843750 0.000000 0.000000 0.000000 1.000000 0.134344 0.134344 0.134344
3224.182373 0.000000 1024.004517 0.000000 0.000000 0.000000 1.000000 0.254348 0.254348 0.254348
3198.471680 0.000000 1021.135559 0.000000 0.000000 0.000000 1.000000 0.204697 0.204697 0.204697
3195.759033 0.476410 968.322266 0.000000 0.000000 0.000000 1.000000 0.364505 0.364505 0.364505
3120.230225 0.000000 917.857544 0.000000 0.000000 0.000000 1.000000 0.220538 0.220538 0.220538
3211.380859 0.236908 902.546570 0.000000 0.000000 0.000000 1.000000 0.361856 0.361856 0.361856
3214.430420 0.000000 754.054749 0.000000 0.000000 0.000000 1.000000 0.565498 0.565498 0.565498
3271.278076 0.000000 847.701965 0.000000 0.000000 0.000000 1.000000 0.238678 0.238678 0.238678
3228.649902 -0.346191 819.429871 0.000000 0.000000 0.000000 1.000000 0.264175 0.264175 0.264175
610.990845 -0.927567 728.487732 0.000000 0.000000 0.000000 1.000000 0.394339 0.394339 0.394339
5206.937500 0.000000 3730.733887 0.000000 0.000000 0.000000 1.000000 0.670166 0.670166 0.670166
5222.878418 0.000000 3785.759033 0.000000 0.000000 0.000000 1.000000 0.670166 0.670166 0.670166
5187.186035 0.000000 3621.376221 0.000000 0.000000 0.000000 1.000000 0.673169 0.673169 0.673169
5213.260742 0.000000 3540.749756 0.000000 0.000000 0.000000 1.000000 0.607861 0.607861 0.607861
5196.399902 0.000000 3462.732910 0.000000 0.000000 0.000000 1.000000 1.000000 1.000000 1.000000
5247.526855 0.000000 3413.031738 0.000000 0.000000 0.000000 1.000000 1.000000 1.000000 1.000000
5312.569824 0.000000 3379.509521 0.000000 0.000000 0.000000 1.000000 0.498779 0.498779 0.498779
5354.087402 0.000000 3354.126953 0.000000 0.000000 0.000000 1.000000 0.364624 0.364624 0.364624
5744.229004 0.000000 3586.629639 0.000000 0.000000 0.000000 1.000000 0.328975 0.328975 0.328975
5773.377441 0.000000 3574.317871 0.000000 0.000000 0.000000 1.000000 0.322314 0.322314 0.322314
5745.958984 2.251221 3518.525635 0.000000 0.000000 0.000000 1.000000 0.535059 0.535059 0.535059
5672.555664 -1.574707 3453.576172 0.000000 0.000000 0.000000 1.000000 0.455573 0.455573 0.455573
5702.687012 0.000000 3437.175293 0.000000 0.000000 0.000000 1.000000 0.254776 0.254776 0.254776
6016.883789 0.000000 2688.690918 0.000000 0.000000 0.000000 1.000000 0.409692 0.409692 0.409692
5918.271973 0.000000 2727.833252 0.000000 0.000000 0.000000 1.000000 0.492432 0.492432 0.492432
6177.917969 0.000000 2660.322998 0.000000 0.000000 0.000000 1.000000 0.214453 0.214453 0.214453
6134.369141 0.000000 2673.072510 0.000000 0.000000 0.000000 1.000000 0.214453 0.214453 0.214453
5962.111328 0.000000 2734.994873 0.000000 0.000000 0.000000 1.000000 0.214453 0.214453 0.214453
5995.324219 0.000000 2727.840576 0.000000 0.000000 0.000000 1.000000 0.214453 0.214453 0.214453
5810.300293 0.000000 3297.060791 0.000000 0.000000 0.000000 1.000000 1.000000 1.000000 1.000000
5873.635742 0.000000 3310.610352 0.000000 0.000000 0.000000 1.000000 0.816870 0.816870 0.816870
5944.747559 0.000000 3292.702393 0.000000 0.000000 0.000000 1.000000 0.671216 0.671216 0.671216
5132.116699 0.000000 3387.269775 0.000000 0.000000 0.000000 1.000000 0.673486 0.673486 0.673486
5178.066406 0.000000 3350.005615 0.000000 0.000000 0.000000 1.000000 0.611768 0.611768 0.611768
5270.221191 -0.501221 3316.377197 0.000000 0.000000 0.000000 1.000000 0.522168 0.522168 0.522168
5325.951172 -0.460205 3297.125488 0.000000 0.000000 0.000000 1.000000 0.442895 0.442895 0.442895
5383.665039 -1.241699 3287.740723 0.000000 0.000000 0.000000 1.000000 0.629028 0.629028 0.629028
5484.589355 0.000000 3225.965576 0.000000 0.000000 0.000000 1.000000 0.756421 0.756421 0.756421
5539.746094 0.000000 3210.543457 0.000000 0.000000 0.000000 1.000000 1.000000 1.000000 1.000000
5607.971680 0.000000 3190.171387 0.000000 0.000000 0.000000 1.000000 1.000000 1.000000 1.000000
5438.511719 0.288818 2878.384277 0.000000 -0.243558 0.000000 0.969886 0.343945 0.343945 0.343945
5443.252930 0.288818 2980.060059 0.000000 0.000000 0.000000 1.000000 0.343945 0.343945 0.343945
5518.707031 -1.208740 2986.845947 0.000000 0.000000 0.000000 1.000000 0.343945 0.343945 0.343945
5702.482422 -1.641113 3006.747559 0.000000 0.000000 0.000000 1.000000 0.343945 0.343945 0.343945
5670.783203 -1.641113 3037.736328 0.000000 0.000000 0.000000 1.000000 0.343945 0.343945 0.343945
5712.789062 -1.641113 3121.385498 0.000000 0.000000 0.000000 1.000000 0.343945 0.343945 0.343945
5807.332520 0.000000 3171.813965 0.000000 0.000000 0.000000 1.000000 0.343945 0.343945 0.343945
5759.952148 0.000000 3186.253906 0.000000 0.000000 0.000000 1.000000 0.343945 0.343945 0.343945
5236.880371 0.000000 3155.707031 0.000000 -0.237456 0.000000 0.971398 0.470239 0.470239 0.470239
5253.837891 -1.073730 2944.535645 0.000000 -0.271512 0.000000 0.962435 0.408945 0.408945 0.408945
5183.616699 -2.135010 2949.971436 0.000000 -0.271512 0.000000 0.962435 0.408945 0.408945 0.408945
5181.954590 -2.697266 3027.076660 0.000000 -0.271512 0.000000 0.962435 0.527688 0.527688 0.527688
5229.797363 -1.504150 3015.917480 0.000000 -0.271512 0.000000 0.962435 0.527688 0.527688 0.527688
5259.627441 -2.535889 3073.369873 0.000000 -0.271512 0.000000 0.962435 0.390245 0.390245 0.390245
5125.828125 -2.535889 3123.712891 0.000000 -0.271512 0.000000 0.962435 0.390245 0.390245 0.390245
5198.866211 0.000000 3116.264893 0.000000 -0.271512 0.000000 0.962435 0.478418 0.478418 0.478418
5374.685547 0.000000 2919.226562 0.000000 0.000000 0.000000 1.000000 1.000000 1.000000 1.000000
5319.540527 -0.839600 2908.573486 0.000000 0.000000 0.000000 1.000000 1.000000 1.000000 1.000000
5272.478516 0.000000 2877.498047 0.000000 0.000000 0.000000 1.000000 1.000000 1.000000 1.000000
5114.735352 -0.261475 2840.911621 0.000000 0.000000 0.000000 1.000000 1.000000 1.000000 1.000000
5220.516113 -1.476563 2853.693848 0.000000 0.000000 0.000000 1.000000 0.530347 0.530347 0.530347
5041.876465 -0.672363 2831.545898 0.000000 0.000000 0.000000 1.000000 1.000000 1.000000 1.000000
4981.718750 0.000000 2798.956787 0.000000 0.000000 0.000000 1.000000 1.000000 1.000000 1.000000
4934.430664 0.000000 2763.110596 0.000000 0.000000 0.000000 1.000000 1.000000 1.000000 1.000000
4896.851074 0.000000 2702.204834 0.000000 0.000000 0.000000 1.000000 1.000000 1.000000 1.000000
4845.916016 -3.019287 2679.230713 0.000000 0.000000 0.000000 1.000000 1.000000 1.000000 1.000000
4630.304688 2.282227 2727.033691 0.000000 0.000000 0.000000 1.000000 0.370160 0.370160 0.370160
4568.288574 -0.460205 2710.004150 0.000000 0.000000 0.000000 1.000000 0.526139 0.526139 0.526139
4723.681641 -0.460205 2659.122559 0.000000 0.000000 0.000000 1.000000 0.396436 0.396436 0.396436
4742.791992 -1.383789 2622.672852 0.000000 0.000000 0.000000 1.000000 0.396436 0.396436 0.396436
4802.338867 -1.383789 2650.665527 0.000000 0.000000 0.000000 1.000000 0.396436 0.396436 0.396436
4642.221191 0.026855 2568.686523 0.000000 0.000000 0.000000 1.000000 1.526147 1.526147 1.526147
4544.282227 0.000000 2552.897949 0.000000 0.000000 0.000000 1.000000 0.582678 0.582678 0.582678
4500.916992 0.000000 2533.978027 0.000000 0.000000 0.000000 1.000000 0.563517 0.563517 0.563517
4438.114258 0.000000 2509.404541 0.000000 0.000000 0.000000 1.000000 0.417090 0.417090 0.417090
4591.347656 0.000000 2483.537598 0.000000 0.000000 0.000000 1.000000 0.428638 0.428638 0.428638
4673.117188 0.000000 2490.177490 0.000000 0.000000 0.000000 1.000000 0.308167 0.308167 0.308167
4756.826172 1.441895 2512.172119 0.000000 0.000000 0.000000 1.000000 0.728948 0.728948 0.728948
4727.532715 0.000000 2474.047607 0.000000 0.000000 0.000000 1.000000 0.449463 0.449463 0.449463
4664.487793 -1.039795 2446.170898 0.000000 0.000000 0.000000 1.000000 0.357227 0.357227 0.357227
4670.376465 -1.639893 2324.484375 0.000000 0.000000 0.000000 1.000000 0.592676 0.592676 0.592676
4751.665039 0.000000 2377.051514 0.000000 0.000000 0.000000 1.000000 0.644043 0.644043 0.644043
4827.396484 0.000000 2433.122070 0.000000 0.000000 0.000000 1.000000 0.522656 0.522656 0.522656
4892.682617 0.000000 2401.107178 0.000000 0.000000 0.000000 1.000000 0.678333 0.678333 0.678333
4957.948730 0.000000 2381.847656 0.000000 0.000000 0.000000 1.000000 0.255151 0.255151 0.255151
4975.613281 0.000000 2351.437256 0.000000 0.000000 0.000000 1.000000 0.260144 0.260144 0.260144
4912.010742 -0.785400 2321.875000 0.000000 -0.423676 0.000000 0.905814 0.185803 0.185803 0.185803
4870.689453 -1.584717 2259.640625 0.000000 0.000000 0.000000 1.000000 0.380566 0.380566 0.380566
4978.273926 -1.427734 2235.539062 0.000000 0.000000 0.000000 1.000000 0.214539 0.214539 0.214539
5040.026367 0.000000 2264.176025 0.000000 0.000000 0.000000 1.000000 0.214539 0.214539 0.214539
5114.886719 0.000000 2119.481934 0.000000 0.000000 0.000000 1.000000 0.250256 0.250256 0.250256
5270.892090 0.000000 2080.645996 0.000000 0.000000 0.000000 1.000000 0.256897 0.256897 0.256897
5326.805664 -1.499878 2062.727051 0.000000 0.000000 0.000000 1.000000 0.315015 0.315015 0.315015
5521.736816 -0.783691 2028.952637 0.000000 0.000000 0.000000 1.000000 0.312683 0.312683 0.312683
5466.363281 0.000000 2028.355835 0.000000 0.000000 0.000000 1.000000 0.312683 0.312683 0.312683
5661.530762 -1.805664 2057.491455 0.000000 -0.454383 0.000000 0.890806 0.296139 0.296139 0.296139
5611.925293 -0.429810 2044.186279 0.000000 0.000000 0.000000 1.000000 0.482886 0.482886 0.482886
5781.996582 -0.991455 2057.710693 0.000000 0.000000 0.000000 1.000000 0.457837 0.457837 0.457837
5827.043945 0.000000 2102.584473 0.000000 0.000000 0.000000 1.000000 0.323364 0.323364 0.323364
5941.234375 0.000000 2148.019043 0.000000 0.000000 0.000000 1.000000 0.449707 0.449707 0.449707
5765.394531 0.910522 2195.273682 0.000000 0.000000 0.000000 1.000000 0.284912 0.284912 0.284912
5803.081055 0.000000 2229.931641 0.000000 0.000000 0.000000 1.000000 0.284314 0.284314 0.284314
"}
object={
	name="env_snow_plains"
	render_pass=Map
	clamp_to_water_level=yes
	generated_content=no
	layer="env_effect_layer"
	entity="env_snow_plains"
	count=2
	transform="2585.850342 -3.095947 4266.724121 0.000000 0.000000 0.000000 1.000000 1.000000 1.000000 1.000000
2603.244873 0.000000 4453.772461 0.000000 0.000000 0.000000 1.000000 1.000000 1.000000 1.000000
"}
object={
	name="env_snow_plains_ambient"
	render_pass=Map
	clamp_to_water_level=yes
	generated_content=no
	layer="env_effect_layer"
	entity="env_snow_plains_ambient"
	count=41
	transform="2673.284668 -0.325439 4291.354492 0.000000 0.000000 0.000000 1.000000 1.000000 1.000000 1.000000
2747.373535 0.000000 4251.692383 0.000000 0.000000 0.000000 1.000000 1.000000 1.000000 1.000000
2854.227051 -1.495361 4189.693848 0.000000 0.000000 0.000000 1.000000 1.000000 1.000000 1.000000
2653.296143 -2.859131 4378.798340 0.000000 0.000000 0.000000 1.000000 1.000000 1.000000 1.000000
2930.498779 0.000000 4104.507812 0.000000 0.000000 0.000000 1.000000 1.000000 1.000000 1.000000
2985.886475 0.000000 3928.119141 0.000000 0.000000 0.000000 1.000000 1.000000 1.000000 1.000000
3104.511230 -1.886475 3826.667480 0.000000 0.000000 0.000000 1.000000 1.000000 1.000000 1.000000
3219.811768 0.000000 3882.435791 0.000000 0.000000 0.000000 1.000000 1.000000 1.000000 1.000000
3277.400146 0.000000 3940.197998 0.000000 0.000000 0.000000 1.000000 1.000000 1.000000 1.000000
3418.455078 0.000000 4001.718262 0.000000 0.000000 0.000000 1.000000 1.000000 1.000000 1.000000
3545.254639 0.000000 4003.875732 0.000000 0.000000 0.000000 1.000000 1.000000 1.000000 1.000000
3609.775635 0.000000 4031.306641 0.000000 0.000000 0.000000 1.000000 1.000000 1.000000 1.000000
3852.097656 0.000000 4017.894775 0.000000 0.000000 0.000000 1.000000 1.000000 1.000000 1.000000
4333.751465 -1.473389 4032.120117 0.000000 0.000000 0.000000 1.000000 1.000000 1.000000 1.000000
4361.722656 0.000000 3938.820312 0.000000 0.000000 0.000000 1.000000 1.000000 1.000000 1.000000
4461.782227 0.000000 3873.066650 0.000000 0.000000 0.000000 1.000000 1.000000 1.000000 1.000000
4571.643555 0.000000 3881.905273 0.000000 0.000000 0.000000 1.000000 1.000000 1.000000 1.000000
4447.881836 0.000000 4000.067871 0.000000 0.000000 0.000000 1.000000 1.000000 1.000000 1.000000
4519.472168 0.000000 3939.984619 0.000000 0.000000 0.000000 1.000000 1.000000 1.000000 1.000000
4658.865723 0.000000 3845.529297 0.000000 0.000000 0.000000 1.000000 1.000000 1.000000 1.000000
4635.094727 0.000000 3952.638916 0.000000 0.000000 0.000000 1.000000 1.000000 1.000000 1.000000
4749.487305 0.000000 3891.957764 0.000000 0.000000 0.000000 1.000000 1.000000 1.000000 1.000000
4885.259277 0.000000 4010.095947 0.000000 0.000000 0.000000 1.000000 1.000000 1.000000 1.000000
5010.400391 0.000000 4027.083740 0.000000 0.000000 0.000000 1.000000 1.000000 1.000000 1.000000
5201.500977 0.000000 4033.305176 0.000000 0.000000 0.000000 1.000000 1.000000 1.000000 1.000000
5302.044434 0.000000 4011.981445 0.000000 0.000000 0.000000 1.000000 1.000000 1.000000 1.000000
5429.820801 0.000000 3981.427490 0.000000 0.000000 0.000000 1.000000 1.000000 1.000000 1.000000
5562.281250 0.000000 3968.791504 0.000000 0.000000 0.000000 1.000000 1.000000 1.000000 1.000000
5716.646973 0.000000 3968.677002 0.000000 0.000000 0.000000 1.000000 1.000000 1.000000 1.000000
5808.836914 0.000000 4034.287598 0.000000 0.000000 0.000000 1.000000 1.000000 1.000000 1.000000
5884.629883 0.000000 4177.562500 0.000000 0.000000 0.000000 1.000000 1.000000 1.000000 1.000000
5969.932617 0.000000 4279.614258 0.000000 0.000000 0.000000 1.000000 1.000000 1.000000 1.000000
6107.879883 0.000000 4271.245117 0.000000 0.000000 0.000000 1.000000 1.000000 1.000000 1.000000
6164.384277 0.000000 4184.091309 0.000000 0.000000 0.000000 1.000000 1.000000 1.000000 1.000000
6264.890137 0.000000 4245.000000 0.000000 0.000000 0.000000 1.000000 1.000000 1.000000 1.000000
6340.957520 0.000000 4147.495117 0.000000 0.000000 0.000000 1.000000 1.000000 1.000000 1.000000
6317.767578 0.000000 3866.130371 0.000000 0.000000 0.000000 1.000000 1.000000 1.000000 1.000000
3064.282715 0.000000 3855.435303 0.000000 0.000000 0.000000 1.000000 1.000000 1.000000 1.000000
2976.094727 0.000000 4012.511963 0.000000 0.000000 0.000000 1.000000 1.000000 1.000000 1.000000
2815.877441 0.000000 4217.889160 0.000000 0.000000 0.000000 1.000000 1.000000 1.000000 1.000000
3356.922363 0.000000 3970.158203 0.000000 0.000000 0.000000 1.000000 1.000000 1.000000 1.000000
"}
object={
	name="waterfall"
	render_pass=Map
	clamp_to_water_level=yes
	generated_content=no
	layer="coast_foam_layer"
	entity="waterfall"
	count=0
}
object={
	name="waterfall_bottom"
	render_pass=Map
	clamp_to_water_level=yes
	generated_content=no
	layer="coast_foam_layer"
	entity="waterfall_bottom"
	count=0
}
