object={
	name="great_wall_china_gate"
	render_pass=Map
	clamp_to_water_level=no
	generated_content=no
	layer="temp_layer"
	pdxmesh="tgp_great_wall_gate_01_mesh"
	count=11
	transform="6357.418457 0.000000 2697.897705 0.000000 -0.973223 0.000000 -0.229864 1.000000 1.000000 1.000000
6554.453125 0.000000 2830.533447 0.000000 0.728187 0.000000 0.685378 1.000000 1.000000 1.000000
6294.470215 0.000000 2582.252686 0.000000 -0.814021 0.000000 -0.580836 1.000000 1.000000 1.000000
6439.898438 0.000000 2936.238281 0.000000 0.934563 0.000000 0.355795 1.000000 1.000000 1.000000
6362.705078 0.000000 2828.802246 0.000000 0.574006 0.000000 0.818852 1.000000 1.000000 1.000000
6438.918945 0.000000 2678.751221 0.000000 -0.889609 0.000000 -0.456724 1.000000 1.000000 1.000000
6718.621094 0.000000 2979.088867 0.000000 -0.955375 0.000000 -0.295396 1.000000 1.000000 1.000000
6663.924805 0.000000 2933.537109 0.000000 -0.951322 0.000000 -0.308198 1.000000 1.000000 1.000000
0.000000 0.000000 512.000000 0.000000 0.000000 0.000000 1.000000 1.000000 1.000000 1.000000
0.000000 0.000000 512.000000 0.000000 0.000000 0.000000 1.000000 1.000000 1.000000 1.000000
0.000000 0.000000 512.000000 0.000000 0.000000 0.000000 1.000000 1.000000 1.000000 1.000000
"}
