object={
	name="lakes"
	render_pass=Map
	clamp_to_water_level=no
	generated_content=no
	layer="lake_layer"
	pdxmesh="lake_mesh"
	count=179
	transform="1879.594971 -1.612305 3901.551270 0.000000 0.127566 0.000000 0.991830 15.156264 15.156264 15.156264
1644.493652 1.251221 2901.257812 0.000000 0.423676 0.000000 0.905814 5.573364 5.573364 5.573364
2092.512207 1.462402 2942.174072 0.000000 0.000000 0.000000 1.000000 5.830308 5.830308 5.830308
2098.964111 1.462402 2917.899170 0.000000 0.000000 0.000000 1.000000 5.830308 5.830308 5.830308
317.932983 0.895508 3836.497070 0.000000 0.994212 0.000000 0.107439 11.618054 11.618054 11.618054
1434.700806 0.294678 2318.517090 0.000000 0.882845 0.000000 -0.469665 6.077335 6.077335 6.077335
1427.903076 2.311768 2306.753662 0.000000 -0.686314 0.000000 0.727305 12.567498 12.567498 12.567498
4759.387207 2.166259 2220.728027 0.000000 -0.036125 0.000000 0.999347 11.014447 11.014447 11.014447
638.787231 -0.096436 3012.797852 0.000000 -0.864966 0.000000 0.501831 4.851781 4.851781 4.851781
2525.797852 0.000000 3185.145508 0.000000 0.421685 0.000000 0.906742 8.214069 8.214069 8.214069
2476.599121 1.265137 3187.666748 0.000000 0.490235 0.000000 0.871590 7.722569 7.722569 7.722569
2466.374023 0.665039 3185.915527 0.000000 0.455959 0.000000 0.890001 5.419629 5.419629 5.419629
2481.388184 0.169678 3162.099121 0.000000 0.391604 0.000000 0.920134 19.680010 19.680010 19.680010
1904.043945 1.523193 3826.283691 0.000000 0.000000 0.000000 1.000000 10.781592 10.781592 10.781592
1819.144165 0.155518 3705.808594 0.000000 0.308687 0.000000 0.951164 8.617642 8.617642 8.617642
1784.301025 0.675049 3638.772461 0.000000 0.602591 0.000000 0.798050 8.324876 8.324876 8.324876
1729.585815 0.857178 3597.145752 0.000000 0.279227 0.000000 0.960225 4.242383 4.242383 4.242383
1735.329346 2.253173 3563.761963 0.000000 0.188786 0.000000 0.982018 18.605555 18.605555 18.605555
1774.076294 2.253173 3530.351562 0.000000 0.188786 0.000000 0.982018 18.605555 18.605555 18.605555
1730.305786 1.629150 3583.752930 0.000000 0.188786 0.000000 0.982018 18.605555 18.605555 18.605555
544.366882 0.511230 3023.769287 0.000000 0.548402 0.000000 0.836215 5.375959 5.375959 5.375959
1868.945801 1.995117 3735.724609 0.000000 0.203375 0.000000 0.979101 14.884582 14.884582 14.884582
1850.306152 1.857910 3751.920654 0.000000 0.472030 0.000000 0.881582 11.672919 11.672919 11.672919
1668.528687 5.022216 3594.900391 0.000000 0.843193 0.000000 -0.537611 7.096653 7.096653 7.096653
1685.273560 2.095947 3619.249512 0.000000 0.366364 0.000000 -0.930472 17.656607 17.656607 17.656607
1582.093384 1.046631 3409.653564 0.000000 0.557119 0.000000 0.830433 9.937582 9.937582 9.937582
1607.552124 -0.764160 3419.854004 0.000000 0.429045 0.000000 0.903283 20.802437 20.802437 20.802437
684.771301 0.085815 1544.706177 0.000000 0.231152 0.000000 0.972918 10.548601 10.548601 10.548601
2658.668701 2.083984 1733.528076 0.000000 0.993898 0.000000 0.110305 8.649700 8.649700 8.649700
2657.537354 -0.884766 1712.847046 0.000000 0.078828 0.000000 -0.996888 12.935730 12.935730 12.935730
2678.631104 2.083984 1730.498169 0.000000 0.709407 0.000000 -0.704799 16.413857 16.413857 16.413857
2709.601562 2.083984 1754.651489 0.000000 0.705596 0.000000 0.708614 16.413857 16.413857 16.413857
2924.656494 0.221191 1802.333862 0.000000 0.398389 0.000000 0.917217 16.413857 16.413857 16.413857
2742.334473 1.431274 1737.503540 0.000000 0.398389 0.000000 0.917217 16.413857 16.413857 16.413857
2834.361572 2.591553 1815.505859 0.000000 0.349832 0.000000 0.936813 33.769379 33.769379 33.769379
3296.701172 2.760254 2014.355713 0.000000 -0.881058 0.000000 0.473008 9.794930 9.794930 9.794930
3302.920166 1.302979 1861.370972 0.000000 -0.359362 0.000000 0.933198 37.316238 37.316238 37.316238
1450.123535 0.000000 2447.641846 0.000000 0.648814 0.000000 0.760948 6.857174 6.857174 6.857174
1561.404541 0.000000 2420.584473 0.000000 0.648814 0.000000 0.760948 6.857174 6.857174 6.857174
1573.718384 0.000000 2455.784424 0.000000 0.648814 0.000000 0.760948 6.857174 6.857174 6.857174
1469.197388 0.616699 2379.436768 0.000000 0.797317 0.000000 0.603561 2.782289 2.782289 2.782289
1420.487671 1.609130 2375.508789 0.000000 -0.091334 0.000000 0.995821 4.233682 4.233682 4.233682
1416.376465 0.624023 2390.617676 0.000000 0.128020 0.000000 0.991772 8.639521 8.639521 8.639521
1546.456055 1.246094 2278.379883 0.000000 0.716017 0.000000 0.698082 15.328931 15.328931 15.328931
1473.416626 1.712891 2439.698730 0.000000 -0.905945 0.000000 0.423396 24.020245 24.020245 24.020245
1324.673340 1.712891 2389.341553 0.000000 -0.423980 0.000000 0.905671 24.020245 24.020245 24.020245
1306.224365 4.369141 2353.022461 0.000000 0.000000 0.000000 1.000000 36.600914 36.600914 36.600914
2989.728271 0.000000 1379.162720 -0.000000 -0.000000 -0.000000 1.000000 1.000000 1.000000 1.000000
2973.286133 1.512939 1447.338867 -0.000000 -0.639406 -0.000000 0.768869 8.087207 8.087207 8.087207
2966.753906 -4.520630 1367.541504 -0.000000 -0.639406 -0.000000 0.768869 21.940123 21.940123 21.940123
2966.751953 1.275513 1368.855835 -0.000000 -0.639406 -0.000000 0.768869 21.940123 21.940123 21.940123
5478.304688 2.692139 2186.409424 0.000000 0.989923 0.000000 0.141608 64.820755 64.820755 64.820755
5550.816406 2.019043 2232.329590 0.000000 0.798902 0.000000 -0.601461 54.721893 54.721893 54.721893
5615.045898 -1.241944 2217.256104 0.000000 0.999121 0.000000 -0.041923 34.508163 34.508163 34.508163
5569.407227 -0.390625 2617.823730 0.000000 0.112736 0.000000 0.993625 37.119358 37.119358 37.119358
5281.619629 1.034424 2568.294922 0.000000 -0.228137 0.000000 0.973629 14.203422 14.203422 14.203422
5326.650879 1.020508 2669.280762 0.000000 -0.364398 0.000000 0.931243 22.185534 22.185534 22.185534
5337.207031 1.413818 2651.631348 0.000000 -0.539073 0.000000 0.842259 8.056372 8.056372 8.056372
6088.462402 0.797852 3386.558350 0.000000 0.598577 0.000000 0.801065 42.176945 42.176945 42.176945
6109.634766 0.797852 3249.915771 0.000000 0.805322 0.000000 0.592838 96.787926 96.787926 96.787926
6021.608398 -1.022705 3116.383789 0.000000 0.958478 0.000000 0.285166 63.957951 63.957951 63.957951
5842.444336 2.156494 3012.618164 0.000000 0.747303 0.000000 0.664483 37.693779 37.693779 37.693779
5567.117188 1.120605 2830.983643 0.000000 0.000000 0.000000 1.000000 37.693779 37.693779 37.693779
5512.514648 2.315186 2902.522217 0.000000 0.000000 0.000000 1.000000 55.413727 55.413727 55.413727
5430.289062 1.497070 2834.313477 0.000000 0.000000 0.000000 1.000000 14.421523 14.421523 14.421523
5438.438477 1.497070 2879.677490 0.000000 0.000000 0.000000 1.000000 14.421523 14.421523 14.421523
5232.033203 1.497070 2745.910645 0.000000 0.000000 0.000000 1.000000 14.421523 14.421523 14.421523
3306.611816 -0.276123 440.064423 0.000000 0.174036 0.000000 0.984739 13.830501 13.830501 13.830501
3092.366699 0.890686 460.042877 0.000000 0.000000 0.000000 1.000000 25.409878 25.409878 25.409878
3093.538818 2.223755 478.498688 0.000000 0.000000 0.000000 1.000000 17.062283 17.062283 17.062283
3121.018555 -0.917892 207.277969 0.000000 -0.491804 0.000000 0.870706 29.376287 29.376287 29.376287
3171.562500 -0.542999 278.486755 0.000000 -0.491804 0.000000 0.870706 20.751310 20.751310 20.751310
3075.780273 1.869957 40.422386 0.000000 0.572905 0.000000 0.819622 15.615232 15.615232 15.615232
3056.891602 1.458527 64.049011 0.000000 0.411002 0.000000 0.911634 24.249489 24.249489 24.249489
3044.111328 1.770813 104.016144 0.000000 0.696171 0.000000 0.717876 24.249489 24.249489 24.249489
2201.946533 1.381958 1911.648926 0.000000 0.865711 0.000000 0.500543 10.298976 10.298976 10.298976
2157.787842 1.853516 1926.530884 0.000000 0.627457 0.000000 0.778651 13.485481 13.485481 13.485481
2139.578857 2.303223 1936.304688 0.000000 0.627457 0.000000 0.778651 13.485481 13.485481 13.485481
2289.197510 2.330200 1911.026489 0.000000 0.000000 0.000000 1.000000 5.172881 5.172881 5.172881
2306.210693 1.823120 1915.048828 0.000000 0.000000 0.000000 1.000000 8.169932 8.169932 8.169932
2202.796143 2.101563 1754.684937 0.000000 0.168654 0.000000 0.985675 6.622243 6.622243 6.622243
2727.009033 -0.013916 1796.629761 0.000000 0.258918 0.000000 0.965899 18.164228 18.164228 18.164228
3419.624023 2.551636 1812.414062 0.000000 0.580783 0.000000 0.814059 39.018711 39.018711 39.018711
3394.617920 2.505005 1984.038086 0.000000 0.395027 0.000000 0.918669 24.617380 24.617380 24.617380
3328.839111 1.585449 1863.506470 0.000000 0.784952 0.000000 0.619557 5.796173 5.796173 5.796173
4086.829102 2.592285 1298.685059 0.000000 0.694526 0.000000 0.719467 25.448694 25.448694 25.448694
4701.341309 1.673584 2043.526123 0.000000 0.036094 0.000000 0.999348 15.494776 15.494776 15.494776
4275.338379 -0.212036 1995.687378 0.000000 0.251394 0.000000 0.967885 30.560972 30.560972 30.560972
3695.491699 0.915649 1682.652466 0.000000 -0.258181 0.000000 0.966097 14.837814 14.837814 14.837814
3781.908447 2.298218 1524.320679 0.000000 0.389216 0.000000 0.921147 21.853962 21.853962 21.853962
3794.100098 2.019531 1377.130493 0.000000 0.389216 0.000000 0.921147 8.359930 8.359930 8.359930
3837.697510 -1.103271 1383.891357 0.000000 0.234342 0.000000 0.972154 28.361542 28.361542 28.361542
3905.208740 0.090820 3025.111572 0.000000 -0.500838 0.000000 0.865541 21.570053 21.570053 21.570053
3903.540039 2.270020 3079.509521 0.000000 0.512048 0.000000 0.858957 7.585004 7.585004 7.585004
5539.256348 2.453125 2758.094971 0.000000 -0.601799 0.000000 0.798647 33.265923 33.265923 33.265923
5727.160156 1.280029 2727.840088 0.000000 0.511392 0.000000 0.859347 11.490909 11.490909 11.490909
5949.440430 1.237061 2682.407227 0.000000 -0.026181 0.000000 0.999657 10.048801 10.048801 10.048801
5890.898926 1.948730 2688.762207 0.000000 0.215997 0.000000 0.976394 10.048801 10.048801 10.048801
5778.479980 1.402100 2692.677490 0.000000 0.215997 0.000000 0.976394 15.634364 15.634364 15.634364
5682.548340 1.160645 2714.870850 0.000000 -0.006897 0.000000 0.999976 38.687134 38.687134 38.687134
5605.158691 2.416748 2740.662109 0.000000 0.419248 0.000000 0.907872 16.931530 16.931530 16.931530
5580.950195 4.059082 2768.954590 0.000000 0.419248 0.000000 0.907872 21.072451 21.072451 21.072451
6048.967773 1.608398 2694.393799 0.000000 0.000000 0.000000 1.000000 6.155762 6.155762 6.155762
5892.506348 2.022949 3248.647461 0.000000 0.455416 0.000000 0.890279 5.439863 5.439863 5.439863
4924.850098 0.000000 1266.810791 0.000000 0.000000 0.000000 1.000000 10.629927 10.629927 10.629927
4889.170410 0.630615 1661.030273 0.000000 0.000000 0.000000 1.000000 4.341914 4.341914 4.341914
4791.076660 1.355469 1834.479370 0.000000 -0.840277 0.000000 -0.542157 4.063225 4.063225 4.063225
5061.350098 -3.027344 2469.358643 0.000000 -0.879160 0.000000 0.476527 20.171219 20.171219 20.171219
4763.302246 1.399902 2737.183594 0.000000 0.000000 0.000000 1.000000 15.450583 15.450583 15.450583
5364.820801 2.181885 2335.136475 0.000000 0.862393 0.000000 0.506239 19.320902 19.320902 19.320902
5499.395996 0.714844 1726.628174 0.000000 -0.247227 0.000000 0.968958 21.724773 21.724773 21.724773
5481.689453 -0.410278 1753.950928 0.000000 0.908894 0.000000 0.417027 14.326097 14.326097 14.326097
5465.034668 -0.795166 1720.625854 0.000000 0.797547 0.000000 0.603257 21.724773 21.724773 21.724773
5510.074707 1.645020 1697.458008 0.000000 0.164231 0.000000 0.986422 21.724773 21.724773 21.724773
5579.329590 -1.349243 1698.532959 0.000000 0.176380 0.000000 0.984322 21.628889 21.628889 21.628889
5585.126465 0.571411 1833.638184 0.000000 0.993227 0.000000 0.116188 21.376095 21.376095 21.376095
5673.461426 1.277100 1763.817505 0.000000 0.655361 0.000000 0.755316 9.922686 9.922686 9.922686
5641.095703 1.154907 1761.299927 0.000000 0.093673 0.000000 0.995603 9.922686 9.922686 9.922686
5579.261230 -0.379883 1781.643799 0.000000 0.209675 0.000000 0.977771 27.685064 27.685064 27.685064
5655.147461 -0.391968 1723.727539 0.000000 -0.060754 0.000000 0.998153 27.685064 27.685064 27.685064
5647.609863 1.157959 1566.998291 0.000000 0.024107 0.000000 0.999709 7.950306 7.950306 7.950306
5660.946777 1.231445 1592.368408 0.000000 -0.135809 0.000000 0.990735 21.628889 21.628889 21.628889
5643.315918 1.899048 1688.169312 0.000000 -0.135809 0.000000 0.990735 21.628889 21.628889 21.628889
5545.557129 1.762451 1732.623901 0.000000 0.034478 0.000000 0.999405 33.014759 33.014759 33.014759
5419.132812 -0.962646 1663.438232 0.000000 0.034478 0.000000 0.999405 66.925346 66.925346 66.925346
5280.934082 -1.580078 1684.470947 0.000000 0.034478 0.000000 0.999405 66.560547 66.560547 66.560547
5181.871094 1.408813 1904.414062 0.000000 -0.059718 0.000000 0.998215 9.501742 9.501742 9.501742
5202.372070 -0.124756 1881.938965 0.000000 -0.781175 0.000000 0.624312 16.272243 16.272243 16.272243
5180.114258 -0.023804 1816.478760 0.000000 -0.922167 0.000000 0.386793 14.283196 14.283196 14.283196
5150.684570 1.406494 1836.210938 0.000000 -0.998288 0.000000 0.058495 10.596818 10.596818 10.596818
5142.429199 2.156616 1809.408203 0.000000 -0.998288 0.000000 0.058495 10.596818 10.596818 10.596818
5110.373535 1.684448 1801.245850 0.000000 -0.935581 0.000000 0.353113 7.104090 7.104090 7.104090
5119.767090 -0.061035 1860.914185 0.000000 0.001831 0.000000 0.999998 20.377008 20.377008 20.377008
5080.907227 1.767822 1837.332520 0.000000 -0.199100 0.000000 0.979979 5.491138 5.491138 5.491138
5044.257324 1.942261 1867.807861 0.000000 0.280253 0.000000 0.959926 8.886061 8.886061 8.886061
5041.775879 1.311768 1836.247437 0.000000 0.280253 0.000000 0.959926 8.886061 8.886061 8.886061
5049.608887 0.981812 1808.926514 0.000000 0.280253 0.000000 0.959926 8.886061 8.886061 8.886061
5057.984375 0.633911 1772.654785 0.000000 0.280253 0.000000 0.959926 8.886061 8.886061 8.886061
5000.683105 1.239990 1780.622925 0.000000 0.280253 0.000000 0.959926 17.422899 17.422899 17.422899
5348.513184 1.220703 1855.929077 0.000000 0.839487 0.000000 0.543380 5.878881 5.878881 5.878881
5344.836914 1.237427 1834.920044 0.000000 0.216712 0.000000 0.976236 4.962830 4.962830 4.962830
5507.144531 -0.413818 1836.900146 0.000000 -0.851415 0.000000 0.524493 17.366526 17.366526 17.366526
5516.655273 1.641235 1798.957642 0.000000 -0.580733 0.000000 0.814094 6.412361 6.412361 6.412361
5391.823242 2.661743 1905.745483 0.000000 -0.122191 0.000000 0.992507 8.351881 8.351881 8.351881
5320.958008 0.938599 1849.244751 0.000000 0.216712 0.000000 0.976236 4.962830 4.962830 4.962830
5709.701172 0.752686 1982.972290 0.000000 0.234372 0.000000 0.972147 11.069145 11.069145 11.069145
5661.385254 0.896606 1966.976074 0.000000 0.035393 0.000000 0.999373 9.100697 9.100697 9.100697
5590.905273 -0.478882 1968.325684 0.000000 -0.046492 0.000000 0.998918 37.516624 37.516624 37.516624
5518.555664 1.572510 1994.826416 0.000000 0.207765 0.000000 0.978179 13.324284 13.324284 13.324284
5501.906738 1.432129 2066.336670 0.000000 0.000305 0.000000 1.000000 19.385250 19.385250 19.385250
5457.115723 1.372314 2030.090454 0.000000 -0.194492 0.000000 0.980904 13.540122 13.540122 13.540122
5455.970215 0.098633 1979.898438 0.000000 -0.323424 0.000000 0.946254 8.310320 8.310320 8.310320
5490.514648 1.114624 1971.787720 0.000000 -0.069707 0.000000 0.997568 7.921128 7.921128 7.921128
5473.046387 1.683594 1934.418335 0.000000 -0.069707 0.000000 0.997568 7.921128 7.921128 7.921128
5519.873535 1.545776 1934.233765 0.000000 0.232294 0.000000 0.972645 13.507469 13.507469 13.507469
5515.916504 1.059082 1889.077393 0.000000 0.074577 0.000000 0.997215 13.507469 13.507469 13.507469
5583.270020 0.661011 1933.375977 0.000000 0.074577 0.000000 0.997215 13.507469 13.507469 13.507469
5591.742676 -0.005737 1914.662842 0.000000 -0.083886 0.000000 0.996475 13.507469 13.507469 13.507469
5933.087402 1.744629 2160.533691 0.000000 0.108611 0.000000 0.994084 15.505006 15.505006 15.505006
6083.338867 2.174561 2094.344238 0.000000 0.199339 0.000000 0.979930 34.852654 34.852654 34.852654
6014.979492 1.463867 1991.010742 0.000000 0.108611 0.000000 0.994084 9.720449 9.720449 9.720449
5965.250977 -1.687744 1961.491089 0.000000 0.000000 0.000000 1.000000 21.543406 21.543406 21.543406
4906.919922 2.233643 2290.148438 0.000000 -0.099809 0.000000 0.995007 72.046074 72.046074 72.046074
2190.249756 -0.368653 3766.001709 0.000000 0.306901 0.000000 0.951741 29.536894 29.536894 29.536894
1645.248657 1.097900 3322.957275 0.000000 0.306901 0.000000 0.951741 16.826740 16.826740 16.826740
1700.690430 1.104736 3154.111572 0.000000 0.698566 0.000000 0.715545 7.696987 7.696987 7.696987
1751.119141 1.285645 3157.359131 0.000000 0.000000 0.000000 1.000000 6.189140 6.189140 6.189140
1832.673706 1.047119 3863.243164 0.000000 0.162063 0.000000 0.986780 13.494645 13.494645 13.494645
1800.804565 2.350342 3846.920166 0.000000 0.000000 0.000000 1.000000 6.677247 6.677247 6.677247
1649.227051 2.096436 3657.857178 0.000000 -0.168850 0.000000 0.985642 9.728909 9.728909 9.728909
1513.979126 1.386719 3375.787598 0.000000 0.499094 0.000000 0.866548 7.584114 7.584114 7.584114
1844.677002 1.865479 3768.314941 0.000000 0.111038 0.000000 0.993816 8.839129 8.839129 8.839129
5398.375000 1.822266 1554.222534 0.000000 0.493026 0.000000 0.870015 12.009838 12.009838 12.009838
5396.528809 1.221191 1603.360107 0.000000 -0.766800 0.000000 0.641887 7.169690 7.169690 7.169690
6325.588867 0.000000 1449.067383 0.000000 0.000000 0.000000 1.000000 10.464576 10.464576 10.464576
6321.575684 0.000000 1463.515625 0.000000 0.000000 0.000000 1.000000 13.118882 13.118882 13.118882
6323.386230 0.000000 1433.851318 0.000000 0.000000 0.000000 1.000000 19.173897 19.173897 19.173897
6719.591797 0.000000 2593.405518 0.000000 0.000000 0.000000 1.000000 1.000000 1.000000 1.000000
6732.175781 2.464600 2592.224609 0.000000 0.984612 0.000000 0.174753 5.189230 5.189230 5.189230
"}
object={
	name="lakes_variant_1"
	render_pass=MapUnderWater
	clamp_to_water_level=no
	generated_content=no
	layer="lake_layer"
	pdxmesh="lake_mesh"
	count=10
	transform="6774.204102 1.777832 2627.991943 0.000000 0.000000 0.000000 1.000000 16.755623 16.755623 16.755623
6787.473145 4.045654 2753.851807 0.000000 0.000000 0.000000 1.000000 11.687930 11.687930 11.687930
6770.474121 2.753662 2888.493652 0.000000 0.000000 0.000000 1.000000 23.324234 23.324234 23.324234
6764.641113 -0.101562 2859.412842 0.000000 0.000000 0.000000 1.000000 14.055714 14.055714 14.055714
6733.234863 3.103027 2954.331543 0.000000 -0.508347 0.000000 0.861152 41.324394 41.324394 41.324394
6646.675781 -0.046143 2959.788818 0.000000 0.000000 0.000000 1.000000 24.102659 24.102659 24.102659
6615.168457 1.848633 3014.480469 0.000000 0.000000 0.000000 1.000000 17.903355 17.903355 17.903355
6437.618164 2.346680 3107.585938 0.000000 -0.563362 0.000000 0.826210 21.064722 21.064722 21.064722
7263.750000 1.010986 2759.198486 0.000000 0.000000 0.000000 1.000000 25.441425 25.441425 25.441425
6239.801758 0.000000 435.172485 0.000000 0.235914 0.000000 0.971774 23.065132 23.065132 23.065132
"}
