object={
	name="bridge 01"
	clamp_to_water_level=no
	render_pass=MapUnderWater
	generated_content=no
	layer="temp_layer"
	pdxmesh="bridge_01_mesh"
	count=209
	transform="2006.957764 1.823730 2821.479248 0.000000 0.112501 0.000000 0.993651 1.107324 1.107324 1.107324
2085.752930 1.963135 2772.360840 0.000000 -0.787954 0.000000 0.615735 1.172290 1.172290 1.172290
1976.286255 1.963135 2833.257812 0.000000 0.237775 0.000000 0.971320 1.000000 1.000000 1.000000
1927.012329 3.885010 2873.366211 0.000000 0.757051 0.000000 0.653356 1.000000 1.000000 1.000000
1958.371582 2.158691 2952.244141 0.000000 0.820283 0.000000 0.571957 1.000000 1.000000 1.000000
2169.343262 1.447021 3132.214600 0.000000 0.437640 0.000000 0.899150 1.280566 1.280566 1.280566
2250.261719 1.768799 3078.309814 0.000000 0.712440 0.000000 0.701733 1.107130 1.107130 1.107130
2217.542725 1.581543 2209.341553 0.000000 0.332160 0.000000 0.943223 1.000000 1.000000 1.000000
1959.617676 1.572998 2442.627686 0.000000 -0.181784 0.000000 0.983338 1.000000 1.000000 1.000000
1978.565308 1.811768 2445.066406 0.000000 -0.267750 0.000000 0.963488 1.100636 1.100636 1.100636
2007.251831 1.476563 2426.484863 0.000000 0.768804 0.000000 0.639485 1.000000 1.000000 1.000000
2006.050781 1.979492 2372.283691 0.000000 -0.675553 0.000000 0.737311 1.000000 1.000000 1.000000
2354.961426 1.714844 3323.854248 0.000000 -0.269837 0.000000 0.962906 1.000000 1.000000 1.000000
2352.711670 1.716797 2781.286133 0.000000 -0.090756 0.000000 0.995873 1.000000 1.000000 1.000000
2517.456299 0.889160 2642.310303 0.000000 0.531985 0.000000 0.846753 0.874976 0.874976 0.874976
2499.241455 0.996094 2674.218018 0.000000 0.441094 0.000000 0.897461 1.000000 1.000000 1.000000
2514.515137 1.117188 2726.083496 0.000000 -0.477121 0.000000 0.878838 1.000000 1.000000 1.000000
2488.531494 1.577393 2738.050781 0.000000 0.587224 0.000000 0.809425 1.000000 1.000000 1.000000
2482.887207 1.686035 2717.407471 0.000000 0.234372 0.000000 0.972147 0.922778 0.922778 0.922778
2450.451904 1.091553 2858.925781 0.000000 0.627790 0.000000 0.778383 1.000000 1.000000 1.000000
2607.106689 0.739258 2829.386230 0.000000 -0.802363 0.000000 0.596836 1.000000 1.000000 1.000000
2476.276855 1.763672 2973.940430 0.000000 -0.402080 0.000000 0.915604 1.000000 1.000000 1.000000
2662.864258 0.841064 3014.976074 0.000000 -0.536371 0.000000 0.843982 1.000000 1.000000 1.000000
2776.609131 1.917725 3024.895508 0.000000 -0.123797 0.000000 0.992308 1.000000 1.000000 1.000000
2828.017822 1.526123 2995.331543 0.000000 0.432502 0.000000 0.901633 1.000000 1.000000 1.000000
2883.260010 2.245850 2981.693115 0.000000 -0.619345 0.000000 0.785119 1.000000 1.000000 1.000000
2804.114258 2.569336 3195.937012 0.000000 0.076950 0.000000 0.997035 1.087720 1.087720 1.087720
2674.780518 0.872070 3215.582275 0.000000 -0.706072 0.000000 0.708140 1.000000 1.000000 1.000000
2617.385254 1.424561 3130.419678 0.000000 0.297316 0.000000 0.954779 1.000000 1.000000 1.000000
2573.587891 1.790527 3119.956299 0.000000 -0.659409 0.000000 0.751785 1.000000 1.000000 1.000000
2524.288574 1.977051 3116.454834 0.000000 0.382120 0.000000 0.924112 1.000000 1.000000 1.000000
2397.315918 0.770020 3253.749268 0.000000 0.677834 0.000000 0.735215 1.000000 1.000000 1.000000
2419.696289 1.663574 3166.833008 0.000000 -0.605473 0.000000 0.795866 1.000000 1.000000 1.000000
2401.355225 0.475586 3317.064453 0.000000 -0.667514 0.000000 0.744597 1.000000 1.000000 1.000000
2929.018799 1.784180 3105.046631 0.000000 -0.287013 0.000000 0.957927 1.000000 1.000000 1.000000
2921.186035 0.665771 3126.576660 0.000000 0.483251 0.000000 0.875482 1.000000 1.000000 1.000000
2408.447266 2.350830 3010.913574 0.000000 -0.125523 0.000000 0.992091 1.000000 1.000000 1.000000
2403.595703 1.536865 3073.968994 0.000000 -0.442655 0.000000 0.896692 1.000000 1.000000 1.000000
2431.599854 1.124023 3400.808838 0.000000 -0.547144 0.000000 0.837038 1.000000 1.000000 1.000000
2330.586182 0.862305 3036.283936 0.000000 0.466600 0.000000 0.884468 1.000000 1.000000 1.000000
2717.487549 1.931641 3219.907715 0.000000 0.069159 0.000000 0.997606 1.000000 1.000000 1.000000
2626.157471 1.286377 3322.205322 0.000000 0.682866 0.000000 0.730544 1.000000 1.000000 1.000000
2556.968994 0.853516 3382.837158 0.000000 0.557042 0.000000 0.830484 1.000000 1.000000 1.000000
2823.050293 0.529053 3510.985840 0.000000 0.238167 0.000000 0.971224 1.000000 1.000000 1.000000
2599.950439 0.478271 3670.013672 0.000000 0.247966 0.000000 0.968769 1.088550 1.088550 1.088550
2458.570068 1.774414 2491.473633 0.000000 0.296645 0.000000 0.954988 1.000000 1.000000 1.000000
2601.447510 1.800781 2345.621338 0.000000 0.363943 0.000000 0.931421 1.000000 1.000000 1.000000
2708.646729 0.793701 2381.362549 0.000000 -0.458131 0.000000 0.888885 1.000000 1.000000 1.000000
2784.580811 0.636963 2488.245361 0.000000 -0.725568 0.000000 0.688151 1.000000 1.000000 1.000000
2595.349854 2.002930 2589.366943 0.000000 0.415338 0.000000 0.909667 1.000000 1.000000 1.000000
3259.207275 1.970215 2564.942871 0.000000 -0.681527 0.000000 0.731793 1.154956 1.154956 1.154956
3206.572754 2.002197 2572.051514 0.000000 0.274301 0.000000 0.961644 1.000000 1.000000 1.000000
3239.701904 1.372803 2740.768555 0.000000 -0.524575 0.000000 0.851364 1.000000 1.000000 1.000000
3000.626221 1.119873 2631.730957 0.000000 0.414977 0.000000 0.909832 1.000000 1.000000 1.000000
3161.896484 2.092773 2460.697998 0.000000 -0.353717 0.000000 0.935353 1.192454 1.192454 1.192454
3395.539307 2.289551 2447.179932 0.000000 0.428894 0.000000 0.903355 1.242017 1.242017 1.242017
3052.830078 1.873291 2449.184082 0.000000 -0.304620 0.000000 0.952474 1.119897 1.119897 1.119897
3248.039307 1.513916 3001.883545 0.000000 -0.816565 0.000000 -0.577253 1.118066 1.118066 1.118066
3235.523193 1.306641 3036.850098 0.000000 0.347515 0.000000 0.937675 1.000000 1.000000 1.000000
3112.311035 1.837402 3096.644043 0.000000 0.000000 0.000000 1.000000 1.000000 1.000000 1.000000
3623.519775 0.654297 3170.242920 0.000000 0.367862 0.000000 0.929880 1.000000 1.000000 1.000000
3501.937744 0.511719 3043.615723 0.000000 -0.419636 0.000000 0.907692 1.000000 1.000000 1.000000
3297.926758 0.920410 3017.543945 0.000000 0.161972 0.000000 0.986795 1.000000 1.000000 1.000000
3383.166260 0.490723 2862.749023 0.000000 0.694065 0.000000 0.719912 1.000000 1.000000 1.000000
1922.000000 2.000000 2684.000000 0.000000 -0.075712 0.000000 -0.997130 1.000000 1.000000 1.000000
2121.000000 2.000000 2737.000000 0.000000 -0.532019 0.000000 -0.846733 1.000000 1.000000 1.000000
2107.791016 2.000000 2663.234375 0.000000 0.325638 0.000000 -0.945495 1.000000 1.000000 1.000000
2019.037598 1.279053 2622.466553 0.000000 -0.009530 0.000000 -0.999955 1.000000 1.000000 1.000000
2202.000000 2.000000 2777.000000 0.000000 0.656414 0.000000 -0.754401 1.000000 1.000000 1.000000
2085.000000 2.000000 3016.000000 0.000000 -0.089337 0.000000 -0.996002 1.000000 1.000000 1.000000
2206.488525 0.892578 2940.295898 0.000000 0.678724 0.000000 -0.734394 1.000000 1.000000 1.000000
2215.000000 2.000000 2894.000000 0.000000 -0.410844 0.000000 -0.911706 1.000000 1.000000 1.000000
2399.831787 0.644043 3658.148438 0.000000 0.027026 0.000000 -0.999635 1.000000 1.000000 1.000000
2841.000000 1.196045 3443.000000 0.000000 0.298006 0.000000 -0.954564 1.000000 1.000000 1.000000
2743.000000 1.092529 3360.000000 0.000000 0.478882 0.000000 -0.877880 1.000000 1.000000 1.000000
2665.431152 1.194580 3329.209717 0.000000 -0.091647 0.000000 -0.995792 1.000000 1.000000 1.000000
2664.000000 2.000000 2413.000000 0.000000 -0.410844 0.000000 -0.911706 1.000000 1.000000 1.000000
2555.166260 1.317383 2483.681885 0.000000 -0.066184 0.000000 -0.997808 1.000000 1.000000 1.000000
2468.435303 1.370361 2544.417969 0.000000 -0.182993 0.000000 -0.983114 1.000000 1.000000 1.000000
2265.720947 2.000000 3286.962158 0.000000 -0.410844 0.000000 -0.911706 1.000000 1.000000 1.000000
2303.299805 2.000000 3178.931885 0.000000 0.582017 0.000000 -0.813177 1.000000 1.000000 1.000000
1989.420898 1.105225 2338.791504 0.000000 -0.410844 0.000000 -0.911706 1.000000 1.000000 1.000000
1962.077881 2.000000 2375.245361 0.000000 -0.203712 0.000000 -0.979031 1.000000 1.000000 1.000000
2083.808105 1.356201 2267.356445 0.000000 -0.545977 0.000000 -0.837801 1.242114 1.242114 1.242114
2077.000000 2.000000 2341.000000 0.000000 0.744085 0.000000 -0.668086 1.000000 1.000000 1.000000
2081.893555 1.501221 2413.533203 0.000000 0.796417 0.000000 -0.604748 1.166846 1.166846 1.166846
2116.310303 1.301025 2379.028076 0.000000 -0.060245 0.000000 -0.998184 1.000000 1.000000 1.000000
2103.209961 0.812500 2317.831299 0.000000 -0.189410 0.000000 -0.981898 1.000000 1.000000 1.000000
2415.317871 1.187256 2189.887695 0.000000 -0.271109 0.000000 -0.962549 1.000000 1.000000 1.000000
2470.096191 2.000000 2214.717041 0.000000 0.037885 0.000000 -0.999282 1.000000 1.000000 1.000000
2489.150879 2.000000 2279.344727 0.000000 -0.202607 0.000000 -0.979260 1.000000 1.000000 1.000000
2502.000000 2.000000 2307.000000 0.000000 -0.578254 0.000000 -0.815857 1.000000 1.000000 1.000000
3615.163818 1.318604 2494.128906 0.000000 -0.410844 0.000000 -0.911706 1.000000 1.000000 1.000000
6253.162598 1.909301 981.591309 0.000000 0.757927 0.000000 -0.652340 1.120523 1.120523 1.120523
6284.533691 2.105041 907.735901 0.000000 0.785438 0.000000 -0.618941 1.524939 1.524939 1.524939
3561.456055 1.151611 2686.653809 0.000000 0.753971 0.000000 -0.656908 1.000000 1.000000 1.000000
3686.655518 0.846436 2774.926514 0.000000 0.146496 0.000000 -0.989212 1.000000 1.000000 1.000000
3034.000000 2.000000 2717.000000 0.000000 -0.064935 0.000000 -0.997890 1.000000 1.000000 1.000000
3095.845459 2.000000 2481.720703 0.000000 0.396896 0.000000 -0.917864 1.000000 1.000000 1.000000
2947.698486 2.000000 2560.692139 0.000000 -0.410844 0.000000 -0.911706 1.000000 1.000000 1.000000
3082.538574 1.253174 3065.860840 0.000000 0.322000 0.000000 -0.946740 1.000000 1.000000 1.000000
3174.000000 2.000000 2961.000000 0.000000 -0.410844 0.000000 -0.911706 1.000000 1.000000 1.000000
5988.037598 3.582764 3119.084961 0.000000 -0.313800 0.000000 -0.949489 1.000000 1.000000 1.000000
5892.936523 2.000000 3188.818848 0.000000 0.800203 0.000000 -0.599729 1.000000 1.000000 1.000000
5830.000000 2.000000 3287.000000 0.000000 0.767009 0.000000 -0.641636 1.000000 1.000000 1.000000
6103.012207 4.888916 3163.294922 0.000000 -0.045312 0.000000 -0.998973 1.000000 1.000000 1.000000
6116.451172 2.000000 3077.626221 0.000000 0.405311 0.000000 -0.914179 1.000000 1.000000 1.000000
5998.494629 2.000000 3015.212402 0.000000 0.037000 0.000000 -0.999316 1.000000 1.000000 1.000000
2975.000000 2.000000 2290.000000 0.000000 -0.024116 0.000000 -0.999709 1.000000 1.000000 1.000000
3096.000000 2.000000 2305.000000 0.000000 0.347192 0.000000 -0.937795 1.000000 1.000000 1.000000
3403.242920 2.000000 2304.736084 0.000000 -0.089094 0.000000 -0.996024 1.000000 1.000000 1.000000
3292.648682 -0.022705 2251.647217 0.000000 -0.687430 0.000000 -0.726251 1.000000 1.000000 1.000000
3441.564941 2.000000 2232.784180 0.000000 0.747804 0.000000 -0.663920 1.000000 1.000000 1.000000
3342.925293 2.000000 2202.325439 0.000000 -0.007242 0.000000 -0.999974 1.000000 1.000000 1.000000
4886.029785 2.000000 3298.699951 0.000000 -0.162764 0.000000 -0.986665 1.000000 1.000000 1.000000
4997.821777 0.929199 3201.754639 0.000000 -0.410844 0.000000 -0.911706 1.000000 1.000000 1.000000
4957.000000 2.000000 3142.000000 0.000000 0.341863 0.000000 -0.939750 1.000000 1.000000 1.000000
5045.135742 2.626221 2982.130859 0.000000 -0.410844 0.000000 -0.911706 1.000000 1.000000 1.000000
5017.000000 2.696045 2984.000000 0.000000 0.358670 0.000000 -0.933465 1.000000 1.000000 1.000000
4896.247559 2.000000 3338.921631 0.000000 0.000876 0.000000 -1.000000 1.000000 1.000000 1.000000
5062.000000 2.000000 3331.000000 0.000000 0.350052 0.000000 -0.936731 1.000000 1.000000 1.000000
4071.182373 2.000000 3453.802979 0.000000 -0.214366 0.000000 -0.976754 1.000000 1.000000 1.000000
4128.326172 2.000000 3342.477539 0.000000 -0.614861 0.000000 -0.788636 1.000000 1.000000 1.000000
4246.609863 2.000000 3251.331787 0.000000 0.157264 0.000000 -0.987557 1.000000 1.000000 1.000000
4355.096680 2.000000 3233.202393 0.000000 0.086157 0.000000 -0.996282 1.000000 1.000000 1.000000
4503.844238 2.000000 3177.743652 0.000000 -0.748019 0.000000 -0.663678 1.000000 1.000000 1.000000
4575.040527 2.000000 3040.801270 0.000000 -0.208043 0.000000 -0.978120 1.000000 1.000000 1.000000
4742.000000 2.000000 2921.000000 0.000000 -0.498044 0.000000 -0.867152 1.000000 1.000000 1.000000
4875.490234 3.069336 2817.349365 0.000000 0.184745 0.000000 -0.982787 1.000000 1.000000 1.000000
4546.790527 2.000000 3075.378418 0.000000 0.242395 0.000000 -0.970178 1.000000 1.000000 1.000000
4338.168945 2.000000 3160.497559 0.000000 -0.410844 0.000000 -0.911706 1.000000 1.000000 1.000000
4328.323242 2.000000 3037.489502 0.000000 -0.554945 0.000000 -0.831888 1.000000 1.000000 1.000000
4272.399414 2.000000 2874.646240 0.000000 -0.410844 0.000000 -0.911706 1.000000 1.000000 1.000000
4307.045898 2.000000 2782.206543 0.000000 0.360322 0.000000 -0.932828 1.000000 1.000000 1.000000
4527.473633 2.000000 2792.033691 0.000000 -0.410844 0.000000 -0.911706 1.000000 1.000000 1.000000
4152.000000 2.000000 3236.000000 0.000000 0.013937 0.000000 -0.999903 1.000000 1.000000 1.000000
4145.000000 2.000000 3145.000000 0.000000 -0.648403 0.000000 -0.761298 1.000000 1.000000 1.000000
4138.643555 2.000000 3019.595215 0.000000 -0.652343 0.000000 -0.757924 1.000000 1.000000 1.000000
4056.000000 2.000000 3185.000000 0.000000 -0.064052 0.000000 -0.997947 1.000000 1.000000 1.000000
3874.455322 2.000000 3266.349121 0.000000 0.071159 0.000000 -0.997465 1.000000 1.000000 1.000000
4075.062744 2.000000 3226.583984 0.000000 0.077245 0.000000 -0.997012 1.000000 1.000000 1.000000
3891.078613 2.000000 3321.960205 0.000000 -0.236842 0.000000 -0.971548 1.000000 1.000000 1.000000
4026.373291 2.000000 3345.671143 0.000000 0.040263 0.000000 -0.999189 1.000000 1.000000 1.000000
1912.224487 2.000000 2564.062256 0.000000 -0.482297 0.000000 -0.876008 1.000000 1.000000 1.000000
1931.000000 2.000000 2501.000000 0.000000 -0.742300 0.000000 -0.670068 1.000000 1.000000 1.000000
5936.530273 0.000000 1170.401123 0.000000 0.612227 0.000000 0.790682 1.000000 1.000000 1.000000
6324.597656 2.923584 1202.734985 0.000000 -0.433272 0.000000 0.901263 1.000000 1.000000 1.000000
6278.313477 3.508423 1195.988037 0.000000 -0.191138 0.000000 0.981563 1.000000 1.000000 1.000000
6284.154297 2.404968 907.232788 0.000000 0.688929 0.000000 0.724829 1.936847 1.936847 1.936847
6273.046387 2.661438 944.323242 0.000000 0.441396 0.000000 0.897313 1.568549 1.568549 1.568549
6253.257812 1.517090 975.549133 0.000000 0.677025 0.000000 0.735960 1.416105 1.416105 1.416105
6541.206055 0.000000 821.606934 0.000000 0.637057 0.000000 0.770817 1.518661 1.518661 1.518661
6555.222656 0.434631 770.907349 0.000000 0.364170 0.000000 0.931332 1.349817 1.349817 1.349817
6560.279785 0.000000 862.598999 0.000000 0.725085 0.000000 0.688660 1.568005 1.568005 1.568005
6521.257812 1.835449 856.090759 0.000000 0.315848 0.000000 0.948810 1.262976 1.262976 1.262976
6534.153320 2.411865 1029.284790 0.000000 0.800227 0.000000 0.599697 1.385425 1.385425 1.385425
6484.791992 1.925049 1073.022217 0.000000 0.536654 0.000000 0.843802 2.020656 2.020656 2.020656
6566.762695 0.745544 933.725525 0.000000 0.806406 0.000000 0.591362 1.000000 1.000000 1.000000
6423.569336 0.603149 1151.308716 0.000000 -0.121646 0.000000 0.992573 1.338013 1.338013 1.338013
6356.140137 1.384277 1123.310669 0.000000 0.118435 0.000000 0.992962 1.759998 1.759998 1.759998
6220.645508 0.502136 1010.407776 0.000000 0.439039 0.000000 0.898468 1.586542 1.586542 1.586542
6211.168457 2.457154 821.110596 0.000000 -0.042895 0.000000 0.999080 1.349995 1.349995 1.349995
6856.362305 0.445709 439.015381 0.000000 -0.319494 0.000000 0.947588 1.234851 1.234851 1.234851
6918.109863 0.000000 456.546967 0.000000 -0.212658 0.000000 0.977127 1.529694 1.529694 1.529694
7011.355957 0.313232 334.965942 0.000000 0.475135 0.000000 0.879913 1.620465 1.620465 1.620465
7140.691406 0.000000 338.894775 0.000000 0.778768 0.000000 0.627311 1.585297 1.585297 1.585297
6165.000000 2.812500 1114.954834 0.000000 -0.298015 0.000000 0.954561 1.000000 1.000000 1.000000
6483.075684 0.810669 1307.609131 0.000000 0.099870 0.000000 0.995000 1.609741 1.609741 1.609741
6510.417480 0.241333 1297.601196 0.000000 0.485573 0.000000 0.874196 1.430811 1.430811 1.430811
6660.738770 1.359131 1420.980957 0.000000 -0.327464 0.000000 0.944864 1.396716 1.396716 1.396716
6758.139648 2.891235 1478.880737 0.000000 0.384883 0.000000 0.922966 1.538391 1.538391 1.538391
6817.922852 0.535034 1481.685791 0.000000 0.188502 0.000000 0.982073 1.456726 1.456726 1.456726
6754.197754 0.511597 1839.687988 0.000000 0.167180 0.000000 0.985926 1.840039 1.840039 1.840039
6711.914062 0.309570 1848.992554 0.000000 0.403896 0.000000 0.914805 1.274902 1.274902 1.274902
6970.656738 1.069336 1915.427002 0.000000 -0.358707 0.000000 0.933450 1.751672 1.751672 1.751672
7027.349121 1.280273 2021.721313 0.000000 -0.537015 0.000000 0.843573 1.864246 1.864246 1.864246
6753.358887 0.503662 2136.397705 0.000000 -0.298015 0.000000 0.954561 2.042424 2.042424 2.042424
6841.670410 1.255615 2237.644287 0.000000 -0.285463 0.000000 0.958390 1.780664 1.780664 1.780664
7406.474609 1.081299 3098.575684 0.000000 -0.108247 0.000000 0.994124 1.694605 1.694605 1.694605
7507.204102 1.263428 3205.848145 0.000000 -0.283123 0.000000 0.959084 1.703833 1.703833 1.703833
7529.557129 0.604492 3356.754883 0.000000 -0.462898 0.000000 0.886411 1.603345 1.603345 1.603345
7613.895508 0.734619 3495.149170 0.000000 0.659317 0.000000 0.751865 1.494629 1.494629 1.494629
7280.385254 1.760254 3135.551270 0.000000 0.238167 0.000000 0.971224 1.244751 1.244751 1.244751
6910.571289 2.105225 2324.361328 0.000000 -0.084920 0.000000 0.996388 1.537037 1.537037 1.537037
6800.769043 2.105225 2196.161621 0.000000 -0.084920 0.000000 0.996388 1.537037 1.537037 1.537037
6712.087891 2.105225 2114.177979 0.000000 0.077194 0.000000 0.997016 1.537037 1.537037 1.537037
6933.988281 0.000000 2128.318359 0.000000 0.000000 0.000000 1.000000 1.000000 1.000000 1.000000
6853.582520 0.000000 2116.691650 0.000000 0.352603 0.000000 0.935773 1.000000 1.000000 1.000000
6804.964355 0.000000 2164.444580 0.000000 0.386234 0.000000 0.922401 1.000000 1.000000 1.000000
7061.029785 0.000000 2079.597656 0.000000 0.505032 0.000000 0.863101 1.000000 1.000000 1.000000
7120.443359 0.000000 1957.900635 0.000000 -0.345969 0.000000 0.938246 1.000000 1.000000 1.000000
7062.476074 0.000000 2024.884155 0.000000 0.428756 0.000000 0.903420 1.000000 1.000000 1.000000
6796.258789 0.000000 2214.288330 0.000000 0.475403 0.000000 0.879768 1.000000 1.000000 1.000000
6793.185547 0.000000 2242.346436 0.000000 -0.352375 0.000000 0.935859 1.000000 1.000000 1.000000
6791.956055 0.000000 2289.026123 0.000000 0.558056 0.000000 0.829803 1.000000 1.000000 1.000000
6824.381348 0.000000 2311.644043 0.000000 -0.370188 0.000000 0.928957 1.000000 1.000000 1.000000
6836.029785 0.000000 2368.894531 0.000000 -0.402332 0.000000 0.915494 1.000000 1.000000 1.000000
6863.908691 0.000000 2413.958252 0.000000 0.996637 0.000000 -0.081944 1.000000 1.000000 1.000000
6848.773926 0.000000 2395.940430 0.000000 0.594462 0.000000 0.804124 1.000000 1.000000 1.000000
6647.572266 0.000000 2094.198242 0.000000 -0.282596 0.000000 0.959239 1.000000 1.000000 1.000000
6567.613281 0.000000 2034.293701 0.000000 -0.406741 0.000000 0.913543 1.000000 1.000000 1.000000
6541.711426 0.000000 2030.245239 0.000000 0.000000 0.000000 1.000000 1.000000 1.000000 1.000000
6808.117188 0.000000 2136.792969 0.000000 -0.343334 0.000000 0.939214 1.000000 1.000000 1.000000
6826.539551 0.000000 2138.362793 0.000000 0.422017 0.000000 0.906588 1.000000 1.000000 1.000000
6889.549316 0.000000 2115.769287 0.000000 -0.304301 0.000000 0.952576 1.000000 1.000000 1.000000
6989.001465 0.000000 2110.266846 0.000000 -0.410140 0.000000 0.912023 1.000000 1.000000 1.000000
7046.266113 0.000000 2103.267334 0.000000 0.390677 0.000000 0.920528 1.000000 1.000000 1.000000
7072.615723 0.000000 2063.974365 0.000000 0.592153 0.000000 0.805826 1.000000 1.000000 1.000000
6857.880371 1.585571 1893.386230 0.000000 0.000000 0.000000 1.000000 2.015845 2.015845 2.015845
"}
object={
	name="bridge indian"
	clamp_to_water_level=no
	render_pass=MapUnderWater
	generated_content=no
	layer="temp_layer"
	pdxmesh="bridge_indian_mesh"
	count=86
	transform="5976.100586 0.710632 982.019958 0.000000 -0.491804 0.000000 0.870706 1.000000 1.000000 1.000000
6013.286133 0.576355 993.051086 0.000000 0.516576 0.000000 0.856242 1.000000 1.000000 1.000000
5968.901367 0.867310 1096.702393 0.000000 0.677160 0.000000 0.735836 1.000000 1.000000 1.000000
5937.916016 0.797974 1212.167114 0.000000 -0.185564 0.000000 0.982632 1.000000 1.000000 1.000000
5979.626465 0.490967 1253.046875 0.000000 0.000000 0.000000 1.000000 1.000000 1.000000 1.000000
5228.671875 2.004028 515.577454 0.000000 -0.149704 0.000000 0.988731 1.000000 1.000000 1.000000
5211.485352 2.309998 511.644867 0.000000 0.000488 0.000000 1.000000 1.000000 1.000000 1.000000
5193.005371 1.552795 516.274292 0.000000 0.280253 0.000000 0.959926 1.000000 1.000000 1.000000
5324.924805 1.908936 863.157410 0.000000 0.458944 0.000000 0.888465 1.000000 1.000000 1.000000
5268.261230 1.881592 923.411011 0.000000 0.429748 0.000000 0.902949 1.000000 1.000000 1.000000
4822.459961 2.454956 1050.677124 0.000000 -0.104302 0.000000 0.994546 1.000000 1.000000 1.000000
4921.932617 2.865356 1070.396362 0.000000 0.159713 0.000000 0.987163 1.000000 1.000000 1.000000
5476.494629 1.568970 1097.456543 0.000000 -0.438545 0.000000 0.898709 1.000000 1.000000 1.000000
5590.829590 1.409790 1276.601074 0.000000 -0.607535 0.000000 0.794293 1.000000 1.000000 1.000000
5607.817383 0.773315 1321.525146 0.000000 -0.031001 0.000000 0.999519 1.000000 1.000000 1.000000
5582.435547 1.676025 1311.450562 0.000000 -0.707281 0.000000 0.706933 1.000000 1.000000 1.000000
5676.745605 0.498047 1296.061890 0.000000 0.086318 0.000000 0.996268 1.000000 1.000000 1.000000
5646.924805 0.465088 1351.154663 0.000000 0.513017 0.000000 0.858378 1.000000 1.000000 1.000000
5552.473633 0.579834 1348.894897 0.000000 0.596130 0.000000 0.802888 1.000000 1.000000 1.000000
5415.053223 0.936401 1372.482788 0.000000 0.308484 0.000000 0.951230 1.000000 1.000000 1.000000
5290.904785 0.600708 1333.830200 0.000000 0.016967 0.000000 0.999856 1.000000 1.000000 1.000000
5755.768066 0.612305 1463.366577 0.000000 -0.334375 0.000000 0.942440 1.000000 1.000000 1.000000
5813.230469 0.688232 1485.676514 0.000000 -0.379411 0.000000 0.925228 1.000000 1.000000 1.000000
4568.521484 0.765747 1372.736572 0.000000 -0.373871 0.000000 0.927481 1.000000 1.000000 1.000000
4545.923828 1.159668 1207.504517 0.000000 -0.560788 0.000000 0.827960 1.000000 1.000000 1.000000
4636.471191 1.617188 1450.236206 0.000000 -0.362066 0.000000 0.932152 1.000000 1.000000 1.000000
4713.086426 0.765625 1496.105957 0.000000 -0.289497 0.000000 0.957179 1.000000 1.000000 1.000000
4642.469727 1.508057 1546.074707 0.000000 0.605789 0.000000 0.795626 1.000000 1.000000 1.000000
4786.248047 1.030273 1554.336304 0.000000 0.000000 0.000000 1.000000 1.000000 1.000000 1.000000
5248.589844 1.555176 517.251953 0.000000 0.000000 0.000000 1.000000 1.000000 1.000000 1.000000
4663.495117 1.911133 1682.491211 0.000000 0.444589 0.000000 -0.895735 1.000000 1.000000 1.000000
4668.270020 2.000000 1505.614624 0.000000 0.483563 0.000000 -0.875310 1.000000 1.000000 1.000000
4742.140625 2.000000 1628.375488 0.000000 0.406482 0.000000 -0.913659 1.000000 1.000000 1.000000
4798.000000 2.000000 1133.000000 0.000000 0.717533 0.000000 -0.696525 1.000000 1.000000 1.000000
4820.619629 2.000000 1105.876465 0.000000 0.334511 0.000000 -0.942392 1.000000 1.000000 1.000000
4846.000000 2.000000 1165.000000 0.000000 0.265477 0.000000 -0.964118 1.000000 1.000000 1.000000
4817.495605 1.328491 1075.026245 0.000000 0.242572 0.000000 -0.970134 1.000000 1.000000 1.000000
4933.496582 1.602051 1114.622437 0.000000 0.050537 0.000000 -0.998722 1.000000 1.000000 1.000000
5032.600098 2.159302 1157.286743 0.000000 0.018697 0.000000 -0.999825 1.000000 1.000000 1.000000
5112.916504 2.000000 1195.573242 0.000000 0.047062 0.000000 -0.998892 1.000000 1.000000 1.000000
5001.546875 2.000000 1086.588623 0.000000 0.309027 0.000000 -0.951054 1.000000 1.000000 1.000000
5235.634766 1.048950 574.564514 0.000000 -0.056406 0.000000 -0.998408 1.000000 1.000000 1.000000
5259.000000 1.112000 620.000000 0.000000 -0.410844 0.000000 -0.911706 1.000000 1.000000 1.000000
5239.000000 1.105652 727.000000 0.000000 -0.040861 0.000000 -0.999165 1.000000 1.000000 1.000000
5122.868164 0.814270 738.397461 0.000000 0.059252 0.000000 -0.998243 1.000000 1.000000 1.000000
5280.000000 0.814270 831.000000 0.000000 -0.410844 0.000000 -0.911706 1.000000 1.000000 1.000000
5176.000000 1.007568 816.000000 0.000000 0.599034 0.000000 -0.800724 1.000000 1.000000 1.000000
5121.000000 2.000000 815.000000 0.000000 -0.410844 0.000000 -0.911706 1.000000 1.000000 1.000000
5032.000000 2.000000 801.000000 0.000000 0.054011 0.000000 -0.998541 1.000000 1.000000 1.000000
5043.000000 2.000000 866.000000 0.000000 -0.410844 0.000000 -0.911706 1.000000 1.000000 1.000000
5115.121094 1.655762 792.281799 0.000000 0.094789 0.000000 -0.995498 1.000000 1.000000 1.000000
5045.000000 2.000000 753.000000 0.000000 0.329675 0.000000 -0.944095 1.000000 1.000000 1.000000
5179.730469 2.000000 966.305908 0.000000 0.190860 0.000000 -0.981618 1.000000 1.000000 1.000000
5104.675293 2.000000 960.925781 0.000000 0.288115 0.000000 -0.957596 1.000000 1.000000 1.000000
4999.821289 0.886658 972.121643 0.000000 0.043404 0.000000 -0.999058 1.000000 1.000000 1.000000
5189.000000 2.000000 1054.000000 0.000000 0.742962 0.000000 -0.669334 1.000000 1.000000 1.000000
5177.000000 2.000000 1112.000000 0.000000 0.333418 0.000000 -0.942780 1.000000 1.000000 1.000000
5382.000000 2.000000 1122.000000 0.000000 0.732123 0.000000 -0.681173 1.000000 1.000000 1.000000
5321.652832 0.798828 1149.223633 0.000000 0.090109 0.000000 -0.995932 1.000000 1.000000 1.000000
5225.000000 2.000000 1352.000000 0.000000 -0.410844 0.000000 -0.911706 1.000000 1.000000 1.000000
5152.000000 2.000000 1394.000000 0.000000 -0.410844 0.000000 -0.911706 1.000000 1.000000 1.000000
5086.000000 2.000000 1448.000000 0.000000 -0.410844 0.000000 -0.911706 1.000000 1.000000 1.000000
5023.000000 2.000000 1493.000000 0.000000 0.773703 0.000000 -0.633549 1.000000 1.000000 1.000000
5010.452637 2.729126 1533.388184 0.000000 0.689121 0.000000 -0.724646 1.000000 1.000000 1.000000
5204.535645 2.000000 1341.005371 0.000000 -0.406722 0.000000 -0.913552 1.000000 1.000000 1.000000
5122.853027 2.000000 1368.161865 0.000000 -0.202786 0.000000 -0.979223 1.000000 1.000000 1.000000
4999.587891 1.622803 1433.627197 0.000000 -0.565058 0.000000 -0.825051 1.000000 1.000000 1.000000
5049.846680 1.622803 1407.991211 0.000000 -0.168423 0.000000 -0.985715 1.000000 1.000000 1.000000
4977.000000 2.000000 1491.000000 0.000000 -0.410844 0.000000 -0.911706 1.000000 1.000000 1.000000
4962.497559 2.000000 1550.870483 0.000000 0.707037 0.000000 -0.707177 1.000000 1.000000 1.000000
5055.000000 2.000000 1395.000000 0.000000 -0.410844 0.000000 -0.911706 1.000000 1.000000 1.000000
4970.145020 2.000000 1327.349976 0.000000 0.351309 0.000000 -0.936260 1.000000 1.000000 1.000000
4968.000000 2.000000 1229.000000 0.000000 -0.410844 0.000000 -0.911706 1.000000 1.000000 1.000000
5112.472656 1.033691 1346.059814 0.000000 -0.396468 0.000000 0.918049 1.000000 1.000000 1.000000
5065.000000 0.867554 1299.000000 0.000000 0.631837 0.000000 -0.775102 1.000000 1.000000 1.000000
5057.000000 2.000000 1224.000000 0.000000 0.669188 0.000000 -0.743094 1.000000 1.000000 1.000000
5344.000000 2.000000 1394.000000 0.000000 -0.093956 0.000000 -0.995577 1.000000 1.000000 1.000000
5217.000000 2.000000 1429.000000 0.000000 -0.410844 0.000000 -0.911706 1.000000 1.000000 1.000000
5475.583984 2.000000 1394.843872 0.000000 -0.410844 0.000000 -0.911706 1.000000 1.000000 1.000000
5594.950684 1.010010 1247.307251 0.000000 -0.631370 0.000000 0.775482 1.000000 1.000000 1.000000
5579.696289 -0.191162 1214.083740 0.000000 -0.154388 0.000000 -0.988011 1.000000 1.000000 1.000000
5702.385742 1.053101 1301.222778 0.000000 0.590645 0.000000 -0.806932 1.000000 1.000000 1.000000
5682.596191 0.614258 1363.063599 0.000000 -0.410844 0.000000 -0.911706 1.000000 1.000000 1.000000
5390.036621 0.848877 1357.832031 0.000000 0.537085 0.000000 -0.843529 1.000000 1.000000 1.000000
5332.000000 1.605225 1303.000000 0.000000 0.107297 0.000000 -0.994227 1.000000 1.000000 1.000000
5240.868652 1.389160 1282.930786 0.000000 0.252507 0.000000 -0.967595 1.000000 1.000000 1.000000
"}
object={
	name="bridge mediterranean"
	clamp_to_water_level=no
	render_pass=MapUnderWater
	generated_content=no
	layer="temp_layer"
	pdxmesh="bridge_mediterranean_mesh"
	count=58
	transform="1201.781494 1.404297 2142.136475 0.000000 0.763223 0.000000 0.646136 1.000000 1.000000 1.000000
902.271057 1.470703 2269.728516 0.000000 0.479821 0.000000 0.877367 1.348145 1.348145 1.348145
536.181946 2.289307 1726.596802 0.000000 0.587520 0.000000 0.809210 1.185828 1.185828 1.185828
567.262512 1.425171 1834.394897 0.000000 0.032968 0.000000 0.999456 1.000000 1.000000 1.000000
689.055725 4.171021 1757.883911 0.000000 -0.447069 0.000000 0.894500 1.243198 1.243198 1.243198
618.776489 1.881836 1728.374634 0.000000 -0.521922 0.000000 0.852993 1.223791 1.223791 1.223791
1611.499756 2.304443 2225.462891 0.000000 -0.373361 0.000000 0.927686 1.000000 1.000000 1.000000
1510.844727 1.656006 2235.304443 0.000000 0.308179 0.000000 0.951328 1.000000 1.000000 1.000000
2474.811035 2.761719 2182.157471 0.000000 0.089753 0.000000 0.995964 1.000000 1.000000 1.000000
2368.999756 1.619385 2145.002197 0.000000 -0.179683 0.000000 0.983725 1.000000 1.000000 1.000000
2022.912598 2.172363 2252.450928 0.000000 0.246620 0.000000 0.969112 1.000000 1.000000 1.000000
1548.521240 0.753906 2230.096680 0.000000 -0.531494 0.000000 0.847062 1.000000 1.000000 1.000000
758.000000 2.000000 1760.000000 0.000000 -0.086814 0.000000 -0.996225 1.000000 1.000000 1.000000
655.000000 2.000000 1845.000000 0.000000 0.382754 0.000000 -0.923851 1.000000 1.000000 1.000000
451.000000 2.000000 1839.000000 0.000000 0.592346 0.000000 -0.805684 1.000000 1.000000 1.000000
544.456360 2.000000 1888.257568 0.000000 -0.090484 0.000000 -0.995898 1.000000 1.000000 1.000000
639.793518 2.000000 1894.970947 0.000000 0.335151 0.000000 -0.942165 1.000000 1.000000 1.000000
738.000000 2.000000 1899.000000 0.000000 0.374110 0.000000 -0.927385 1.000000 1.000000 1.000000
512.000000 2.000000 1996.000000 0.000000 -0.115466 0.000000 -0.993312 1.000000 1.000000 1.000000
589.000000 2.000000 2012.000000 0.000000 0.442941 0.000000 -0.896551 1.000000 1.000000 1.000000
676.391357 2.000000 2019.550537 0.000000 0.118183 0.000000 -0.992992 1.000000 1.000000 1.000000
980.000000 2.000000 1951.000000 0.000000 0.721448 0.000000 -0.692469 1.000000 1.000000 1.000000
884.000000 2.000000 2024.000000 0.000000 -0.278899 0.000000 -0.960321 1.000000 1.000000 1.000000
837.147766 2.000000 2062.842529 0.000000 -0.410844 0.000000 -0.911706 1.000000 1.000000 1.000000
974.000000 2.000000 1996.000000 0.000000 0.452444 0.000000 -0.891793 1.000000 1.000000 1.000000
972.332031 2.188232 2194.009521 0.000000 -0.296683 0.000000 -0.954976 1.000000 1.000000 1.000000
930.039246 2.828369 2230.271973 0.000000 -0.296683 0.000000 -0.954976 1.000000 1.000000 1.000000
915.752136 1.328369 2259.553223 0.000000 -0.296683 0.000000 -0.954976 1.000000 1.000000 1.000000
1208.109863 4.131104 2268.312256 0.000000 -0.701548 0.000000 -0.712623 1.000000 1.000000 1.000000
1213.075195 2.000000 2237.070312 0.000000 -0.701548 0.000000 -0.712623 1.000000 1.000000 1.000000
986.000000 2.000000 2246.000000 0.000000 -0.196521 0.000000 -0.980500 1.000000 1.000000 1.000000
986.000000 2.000000 2246.000000 0.000000 -0.196521 0.000000 -0.980500 1.000000 1.000000 1.000000
968.000000 2.000000 2366.000000 0.000000 0.669097 0.000000 -0.743176 1.000000 1.000000 1.000000
1226.000000 2.000000 2309.000000 0.000000 -0.130162 0.000000 -0.991493 1.000000 1.000000 1.000000
1208.000000 2.000000 2315.000000 0.000000 -0.410844 0.000000 -0.911706 1.000000 1.000000 1.000000
1210.690552 2.000000 2363.181641 0.000000 0.616723 0.000000 -0.787181 1.000000 1.000000 1.000000
1227.107788 2.000000 2152.778320 0.000000 -0.410844 0.000000 -0.911706 1.000000 1.000000 1.000000
1443.954224 2.000000 2236.279785 0.000000 0.208443 0.000000 -0.978035 1.000000 1.000000 1.000000
1397.000000 2.000000 2250.000000 0.000000 -0.105905 0.000000 -0.994377 1.000000 1.000000 1.000000
1994.426392 2.000000 2275.171143 0.000000 -0.170423 0.000000 -0.985371 1.000000 1.000000 1.000000
2095.000000 2.000000 2210.000000 0.000000 0.381915 0.000000 -0.924198 1.000000 1.000000 1.000000
2015.383057 2.000000 2219.050537 0.000000 -0.048909 0.000000 -0.998803 1.000000 1.000000 1.000000
1922.361450 2.000000 2241.232422 0.000000 -0.030400 0.000000 -0.999538 1.000000 1.000000 1.000000
1853.000000 1.146484 2289.000000 0.000000 0.219547 0.000000 -0.975602 1.000000 1.000000 1.000000
2296.593994 1.763428 2173.936035 0.000000 -0.581113 0.000000 -0.813823 1.000000 1.000000 1.000000
2339.329346 0.899170 2158.624023 0.000000 -0.505172 0.000000 -0.863019 1.000000 1.000000 1.000000
2140.931396 2.000000 2193.260010 0.000000 0.731582 0.000000 -0.681754 1.000000 1.000000 1.000000
2256.862793 2.000000 1916.835815 0.000000 -0.648193 0.000000 -0.761476 1.000000 1.000000 1.000000
2452.809082 2.000000 1938.358765 0.000000 0.382507 0.000000 -0.923953 1.000000 1.000000 1.000000
2468.000000 2.000000 1990.000000 0.000000 -0.410844 0.000000 -0.911706 1.000000 1.000000 1.000000
2401.000000 2.000000 2026.000000 0.000000 -0.110834 0.000000 -0.993839 1.000000 1.000000 1.000000
2925.000000 2.000000 1694.000000 0.000000 0.592588 0.000000 -0.805506 1.000000 1.000000 1.000000
2981.000000 2.000000 1726.000000 0.000000 0.463864 0.000000 -0.885907 1.000000 1.000000 1.000000
1539.520874 2.000000 2125.979980 0.000000 0.060882 0.000000 -0.998145 1.123306 1.123306 1.123306
1588.000000 2.000000 2130.000000 0.000000 -0.410844 0.000000 -0.911706 1.000000 1.000000 1.000000
1667.628052 2.730225 2014.549316 0.000000 -0.511033 0.000000 -0.859561 1.000000 1.000000 1.000000
1665.109497 2.730225 1988.287109 0.000000 -0.749132 0.000000 -0.662422 1.000000 1.000000 1.000000
1548.521240 0.753906 2230.096680 0.000000 -0.531494 0.000000 0.847062 1.000000 1.000000 1.000000
"}
object={
	name="bridge mena"
	clamp_to_water_level=no
	render_pass=MapUnderWater
	generated_content=no
	layer="temp_layer"
	pdxmesh="bridge_mena_mesh"
	count=117
	transform="2713.815430 1.693115 1323.707275 0.000000 0.263955 0.000000 0.964535 0.909766 0.909766 0.909766
2745.656738 1.625732 1270.376953 0.000000 0.579888 0.000000 0.814696 1.000000 1.000000 1.000000
2757.452881 1.924561 1327.057861 0.000000 -0.390902 0.000000 0.920432 1.000000 1.000000 1.000000
2723.351562 1.364136 1199.105347 0.000000 -0.607899 0.000000 0.794014 1.000000 1.000000 1.000000
2722.582520 0.696899 1168.082520 0.000000 0.574830 0.000000 0.818273 1.000000 1.000000 1.000000
2749.729980 1.861084 1133.278442 0.000000 0.292154 0.000000 0.956371 1.000000 1.000000 1.000000
2810.808838 1.676147 1069.873169 0.000000 0.469486 0.000000 0.882940 1.000000 1.000000 1.000000
820.831055 2.765503 537.380493 0.000000 0.922063 0.000000 0.387039 1.000000 1.000000 1.000000
926.682007 2.467651 647.567627 0.000000 0.035279 0.000000 0.999377 1.000000 1.000000 1.000000
1090.883057 2.471741 636.384094 0.000000 0.323049 0.000000 0.946382 1.000000 1.000000 1.000000
1281.182861 0.633820 455.339600 0.000000 0.006287 0.000000 0.999980 1.000000 1.000000 1.000000
1391.802246 1.837311 379.500336 0.000000 0.385643 0.000000 0.922648 1.000000 1.000000 1.000000
1490.171143 2.751358 260.415131 0.000000 -0.996579 0.000000 -0.082644 1.000000 1.000000 1.000000
1533.750000 1.937057 115.710915 0.000000 -0.764808 0.000000 0.644259 1.000000 1.000000 1.000000
1530.273438 1.300034 45.237511 0.000000 0.614613 0.000000 0.788828 1.000000 1.000000 1.000000
3463.948242 1.751099 1500.578857 0.000000 -0.848214 0.000000 0.529654 1.158841 1.158841 1.158841
3424.626953 1.921264 1524.405273 0.000000 0.442162 0.000000 0.896935 1.000000 1.000000 1.000000
3524.212402 1.036255 1431.536987 0.000000 0.000000 0.000000 1.000000 1.000000 1.000000 1.000000
2763.000000 0.447998 1292.000000 0.000000 0.290102 0.000000 -0.956996 1.000000 1.000000 1.000000
2834.000000 2.000000 996.000000 0.000000 -0.637558 0.000000 -0.770403 1.000000 1.000000 1.000000
2814.028564 0.983154 949.043030 0.000000 0.345560 0.000000 -0.938397 1.000000 1.000000 1.000000
2780.570801 1.266052 937.143799 0.000000 0.442045 0.000000 -0.896993 1.000000 1.000000 1.000000
2730.973877 0.845459 885.084106 0.000000 0.406817 0.000000 -0.913510 1.000000 1.000000 1.000000
2714.981201 2.000000 786.971313 -0.000000 0.698394 0.000000 0.715714 1.000000 1.000000 1.000000
2784.000000 2.000000 755.000000 0.000000 0.469343 0.000000 -0.883016 1.000000 1.000000 1.000000
2876.726318 2.000000 787.475464 0.000000 -0.767315 0.000000 -0.641271 1.000000 1.000000 1.000000
2898.000000 2.000000 722.000000 0.000000 0.501913 0.000000 -0.864919 1.000000 1.000000 1.000000
2833.000000 2.000000 608.000000 0.000000 0.642912 0.000000 -0.765940 1.000000 1.000000 1.000000
2856.000000 2.000000 472.000000 0.000000 -0.800178 0.000000 -0.599764 1.000000 1.000000 1.000000
2871.000000 2.000000 605.000000 0.000000 -0.582974 0.000000 -0.812491 1.000000 1.000000 1.000000
2902.643799 2.000000 528.438843 0.000000 -0.410844 0.000000 -0.911706 1.000000 1.000000 1.000000
2991.877197 2.000000 395.317566 0.000000 -0.410844 0.000000 -0.911706 1.000000 1.000000 1.000000
2930.000000 2.000000 713.000000 0.000000 -0.150678 0.000000 -0.988583 1.000000 1.000000 1.000000
3025.000000 2.000000 555.000000 0.000000 -0.410844 0.000000 -0.911706 1.000000 1.000000 1.000000
3389.812256 1.609741 1565.197876 0.000000 0.682837 0.000000 -0.730571 1.000000 1.000000 1.000000
3360.000000 2.000000 1607.000000 0.000000 0.807626 0.000000 -0.589695 1.000000 1.000000 1.000000
3344.866699 2.000000 1644.309570 0.000000 -0.389646 0.000000 -0.920965 1.000000 1.000000 1.000000
3313.553223 2.000000 1721.267578 0.000000 -0.333492 0.000000 -0.942753 1.000000 1.000000 1.000000
3256.778076 2.158203 1789.194946 0.000000 0.855466 0.000000 -0.517859 1.000000 1.000000 1.000000
3401.000000 2.000000 1575.000000 0.000000 0.602693 0.000000 -0.797973 1.000000 1.000000 1.000000
3424.000000 1.745850 1615.000000 0.000000 0.700599 0.000000 -0.713556 1.000000 1.000000 1.000000
3447.000000 2.000000 1440.000000 0.000000 -0.161801 0.000000 -0.986824 1.000000 1.000000 1.000000
3396.000000 2.000000 1479.000000 0.000000 0.794067 0.000000 -0.607830 1.000000 1.000000 1.000000
3317.057373 1.080688 1557.697754 0.000000 -0.417011 0.000000 -0.908902 1.000000 1.000000 1.000000
3208.155518 1.016602 1614.567139 0.000000 -0.435644 0.000000 -0.900119 1.000000 1.000000 1.000000
3141.245117 1.108765 1661.287354 0.000000 -0.165895 0.000000 -0.986144 1.000000 1.000000 1.000000
3092.707764 2.000000 1698.704956 0.000000 0.795567 0.000000 -0.605865 1.000000 1.000000 1.000000
3215.000000 1.993164 1661.000000 0.000000 0.591752 0.000000 -0.806120 1.000000 1.000000 1.000000
3580.000000 2.000000 1418.000000 0.000000 0.708611 0.000000 -0.705600 1.000000 1.000000 1.000000
3589.595459 2.000000 1456.108398 0.000000 0.393392 0.000000 -0.919371 1.000000 1.000000 1.000000
3587.000000 2.000000 1515.000000 0.000000 0.788713 0.000000 -0.614762 1.000000 1.000000 1.000000
3566.251221 2.032227 1953.566895 0.000000 0.767421 0.000000 -0.641145 1.000000 1.000000 1.000000
3491.638672 1.110962 1986.821533 0.000000 -0.410844 0.000000 -0.911706 1.000000 1.000000 1.000000
3400.000000 2.000000 2035.000000 0.000000 -0.410844 0.000000 -0.911706 1.000000 1.000000 1.000000
3516.959717 0.570435 1948.367065 0.000000 0.175530 0.000000 -0.984474 1.000000 1.000000 1.000000
3800.000000 0.946411 1979.000000 0.000000 -0.410844 0.000000 -0.911706 1.000000 1.000000 1.000000
3911.000000 0.894287 2017.000000 0.000000 0.609248 0.000000 -0.792980 1.000000 1.000000 1.000000
3996.760498 1.298340 2245.770020 0.000000 0.518918 0.000000 -0.854825 1.000000 1.000000 1.000000
4076.878906 1.391357 2134.847656 0.000000 -0.419257 0.000000 -0.907868 1.000000 1.000000 1.000000
4132.205078 1.104736 2105.586426 0.000000 -0.241287 0.000000 -0.970454 1.000000 1.000000 1.000000
4194.490723 1.300781 2015.454956 0.000000 -0.208699 0.000000 -0.977980 1.000000 1.000000 1.000000
4318.328613 1.357788 1928.295288 0.000000 -0.321613 0.000000 -0.946872 1.000000 1.000000 1.000000
4406.815430 2.000000 1904.265869 0.000000 0.144110 0.000000 -0.989562 1.000000 1.000000 1.000000
3990.866943 1.613281 2158.611084 0.000000 0.147341 0.000000 -0.989086 1.000000 1.000000 1.000000
4097.048828 0.827393 2384.402588 0.000000 0.486232 0.000000 -0.873830 1.000000 1.000000 1.000000
4213.435547 0.341797 2383.090576 0.000000 0.854199 0.000000 -0.519946 1.000000 1.000000 1.000000
4343.778809 0.798584 2296.503174 0.000000 -0.150105 0.000000 -0.988670 1.000000 1.000000 1.000000
4433.000000 0.244141 2210.000000 0.000000 0.817814 0.000000 -0.575483 1.000000 1.000000 1.000000
4485.000000 2.000000 2108.000000 0.000000 -0.410844 0.000000 -0.911706 1.000000 1.000000 1.000000
158.117523 1.310120 654.471863 0.000000 0.095223 0.000000 -0.995456 1.000000 1.000000 1.000000
267.747772 0.814636 645.366760 0.000000 -0.410844 0.000000 -0.911706 1.000000 1.000000 1.000000
374.165588 1.241455 572.202698 0.000000 -0.229390 0.000000 -0.973335 1.000000 1.000000 1.000000
467.000000 1.069916 505.000000 0.000000 0.555447 0.000000 -0.831552 1.000000 1.000000 1.000000
476.663269 2.000000 432.805511 0.000000 0.584431 0.000000 -0.811444 1.000000 1.000000 1.000000
1151.755371 2.000000 149.786041 0.000000 -0.618357 0.000000 -0.785898 1.000000 1.000000 1.000000
1130.000000 2.000000 225.000000 0.000000 -0.410844 0.000000 -0.911706 1.000000 1.000000 1.000000
1051.854492 1.222412 301.144348 0.000000 -0.410844 0.000000 -0.911706 1.000000 1.000000 1.000000
1038.032104 1.074799 267.024628 0.000000 -0.107027 0.000000 -0.994256 1.000000 1.000000 1.000000
971.320496 2.000000 300.802277 0.000000 -0.671714 0.000000 -0.740811 1.000000 1.000000 1.000000
1143.148560 1.156525 259.295380 0.000000 0.401765 0.000000 -0.915743 1.000000 1.000000 1.000000
1151.936279 0.564850 344.291718 0.000000 -0.954802 0.000000 -0.297244 1.000000 1.000000 1.000000
718.648132 0.781372 512.191345 0.000000 -0.043102 0.000000 -0.999071 1.000000 1.000000 1.000000
592.665710 2.000000 434.531982 0.000000 -0.938422 0.000000 -0.345491 1.000000 1.000000 1.000000
563.983215 2.000000 392.495087 0.000000 -0.768663 0.000000 -0.639654 1.000000 1.000000 1.000000
806.000000 2.000000 507.000000 0.000000 -0.995970 0.000000 -0.089687 1.000000 1.000000 1.000000
682.881714 0.686371 441.280945 0.000000 -0.687873 0.000000 -0.725832 1.000000 1.000000 1.000000
1475.000000 1.211761 291.000000 0.000000 -0.764224 0.000000 -0.644952 1.000000 1.000000 1.000000
1484.000000 2.000000 357.000000 0.000000 -0.725700 0.000000 -0.688011 1.000000 1.000000 1.000000
1531.068848 2.000000 333.555573 0.000000 -0.927771 0.000000 -0.373150 1.000000 1.000000 1.000000
1921.452881 2.000000 438.612457 0.000000 -0.410844 0.000000 -0.911706 1.000000 1.000000 1.000000
1951.868042 2.000000 386.828247 0.000000 -0.410844 0.000000 -0.911706 1.000000 1.000000 1.000000
2032.739136 2.000000 346.116089 0.000000 0.037686 0.000000 -0.999290 1.000000 1.000000 1.000000
1938.891602 1.408813 364.703278 0.000000 -0.521435 0.000000 -0.853291 1.000000 1.000000 1.000000
1996.433105 1.457916 300.565002 0.000000 -0.410844 0.000000 -0.911706 1.000000 1.000000 1.000000
1949.209717 0.351929 457.915771 0.000000 -0.156619 0.000000 -0.987659 1.000000 1.000000 1.000000
2008.000000 0.608276 503.000000 0.000000 0.607153 0.000000 -0.794586 1.000000 1.000000 1.000000
1814.000000 0.385437 481.000000 0.000000 -0.940806 0.000000 -0.338946 1.000000 1.000000 1.000000
1690.000000 2.000000 441.000000 0.000000 -0.978479 0.000000 -0.206349 1.000000 1.000000 1.000000
1591.446289 0.739716 407.138824 0.000000 -0.972752 0.000000 -0.231851 1.000000 1.000000 1.000000
1680.000000 0.522156 392.000000 0.000000 -0.781047 0.000000 -0.624472 1.000000 1.000000 1.000000
600.821899 2.000000 1535.074219 0.000000 -0.069792 0.000000 -0.997562 1.000000 1.000000 1.000000
712.159790 4.053711 1504.963379 0.000000 -0.410844 0.000000 -0.911706 1.000000 1.000000 1.000000
749.617737 2.000000 101.029694 0.000000 -0.410844 0.000000 -0.911706 1.000000 1.000000 1.000000
701.000000 2.000000 217.000000 0.000000 -0.410844 0.000000 -0.911706 1.000000 1.000000 1.000000
840.000000 2.000000 127.000000 0.000000 0.686364 0.000000 0.727258 1.000000 1.000000 1.000000
794.000000 2.000000 238.000000 0.000000 0.408921 0.000000 -0.912570 1.000000 1.000000 1.000000
933.000000 2.000000 132.000000 0.000000 -0.698213 0.000000 -0.715891 1.000000 1.000000 1.000000
917.000000 2.000000 193.000000 0.000000 0.573355 0.000000 -0.819308 1.000000 1.000000 1.000000
515.832214 2.000000 1466.809570 0.000000 -0.410844 0.000000 -0.911706 1.000000 1.000000 1.000000
577.794250 2.000000 1417.935791 0.000000 -0.410844 0.000000 -0.911706 1.000000 1.000000 1.000000
529.000000 2.000000 197.000000 0.000000 0.001730 0.000000 -0.999999 1.061662 1.061662 1.061662
303.000519 2.000000 338.514465 -0.000000 -0.610479 0.000000 0.792032 1.000000 1.000000 1.000000
229.000000 2.000000 429.000000 0.000000 -0.410844 0.000000 -0.911706 1.000000 1.000000 1.000000
301.015015 2.000000 449.683929 0.000000 -0.165271 0.000000 -0.986249 0.964978 0.964978 0.964978
1380.821533 2.000000 457.930664 0.000000 0.312986 0.000000 -0.949758 1.059076 1.059076 1.059076
3491.093994 2.000000 1515.514893 0.000000 -0.007730 0.000000 -0.999970 1.000000 1.000000 1.000000
3535.735352 2.000000 1455.075562 0.000000 -0.736939 0.000000 -0.675959 1.000000 1.000000 1.000000
"}
object={
	name="bridge western"
	clamp_to_water_level=no
	render_pass=MapUnderWater
	generated_content=no
	layer="temp_layer"
	pdxmesh="bridge_western_mesh"
	count=100
	transform="921.155334 2.316895 2452.137939 0.000000 0.391415 0.000000 0.920214 1.000000 1.000000 1.000000
1604.367920 2.074707 2864.107178 0.000000 0.053282 0.000000 0.998580 1.273535 1.273535 1.273535
1506.189697 1.596436 2915.341797 0.000000 0.253276 0.000000 0.967394 1.000000 1.000000 1.000000
1327.155151 1.596436 2760.664062 0.000000 0.683729 0.000000 0.729736 1.000000 1.000000 1.000000
1276.288208 1.818359 2794.170654 0.000000 -0.225097 0.000000 0.974336 1.000000 1.000000 1.000000
1065.755493 1.018359 2567.255859 0.000000 0.127498 0.000000 0.991839 1.000000 1.000000 1.000000
1041.053223 1.516113 2573.523193 0.000000 0.171879 0.000000 0.985118 1.044534 1.044534 1.044534
992.649841 1.080566 2616.223633 0.000000 0.349224 0.000000 0.937039 1.000000 1.000000 1.000000
838.224976 2.503662 2447.720215 0.000000 0.109203 0.000000 0.994020 1.000000 1.000000 1.000000
985.008911 1.519043 2786.154541 0.000000 0.358792 0.000000 0.933417 1.256811 1.256811 1.256811
948.640991 1.180176 2791.607910 0.000000 0.000000 0.000000 1.000000 1.000000 1.000000 1.000000
1420.189697 1.917725 3469.786377 0.000000 0.000000 0.000000 1.000000 1.000000 1.000000 1.000000
1388.779785 2.377930 3390.520996 0.000000 -0.121495 0.000000 0.992592 1.184521 1.184521 1.184521
970.687195 2.308838 2453.174072 0.000000 -0.038924 0.000000 -0.999242 1.000000 1.000000 1.000000
1014.000000 2.000000 2470.000000 0.000000 0.340084 0.000000 -0.940395 1.000000 1.000000 1.000000
1060.840332 2.000000 2473.223145 0.000000 -0.410844 0.000000 -0.911706 1.000000 1.000000 1.000000
1113.336548 0.905762 2395.791992 0.000000 -0.304847 0.000000 -0.952402 1.000000 1.000000 1.000000
957.002991 0.971191 2424.829346 0.000000 0.028376 0.000000 -0.999598 1.000000 1.000000 1.000000
1086.880249 2.000000 2529.208252 0.000000 0.835236 0.000000 -0.549892 1.000000 1.000000 1.000000
1130.977173 2.000000 2530.997070 0.000000 0.299084 0.000000 -0.954227 1.000000 1.000000 1.000000
1133.043213 1.746826 2638.643311 0.000000 -0.897568 0.000000 -0.440877 1.000000 1.000000 1.000000
1154.604736 0.876465 2602.073486 0.000000 0.079177 0.000000 -0.996861 1.000000 1.000000 1.000000
1163.268799 0.876465 2509.792236 0.000000 -0.476002 0.000000 -0.879445 1.000000 1.000000 1.000000
1115.808960 0.876465 2491.358643 0.000000 -0.410844 0.000000 -0.911706 1.000000 1.000000 1.000000
1099.000000 2.000000 2570.000000 0.000000 0.245843 0.000000 -0.969310 1.000000 1.000000 1.000000
1160.328369 1.594238 2572.488037 0.000000 -0.138751 0.000000 -0.990328 1.000000 1.000000 1.000000
1203.458496 2.000000 2538.086182 0.000000 0.037930 0.000000 -0.999281 1.000000 1.000000 1.000000
1065.720703 2.000000 2587.753174 0.000000 0.330179 0.000000 -0.943919 1.000000 1.000000 1.000000
1104.879395 2.000000 2616.052002 0.000000 0.199166 0.000000 -0.979966 1.000000 1.000000 1.000000
1112.305054 2.000000 2605.148682 0.000000 -0.164646 0.000000 -0.986353 1.000000 1.000000 1.000000
1193.404175 2.000000 2606.404053 0.000000 -0.271990 0.000000 -0.962300 1.000000 1.000000 1.000000
1194.000000 2.000000 2752.000000 0.000000 -0.410844 0.000000 -0.911706 1.000000 1.000000 1.000000
1136.000000 2.000000 2698.000000 0.000000 -0.410844 0.000000 -0.911706 1.000000 1.000000 1.000000
891.944641 2.000000 2792.881348 0.000000 -0.410844 0.000000 -0.911706 1.000000 1.000000 1.000000
834.001770 2.000000 2825.713379 0.000000 0.407409 0.000000 -0.913246 1.000000 1.000000 1.000000
837.000000 2.000000 2855.000000 0.000000 -0.624841 0.000000 -0.780752 1.000000 1.000000 1.000000
814.524292 2.000000 2893.825195 0.000000 -0.300542 0.000000 -0.953769 1.000000 1.000000 1.000000
860.987732 2.000000 2847.322510 0.000000 0.126997 0.000000 -0.991903 1.000000 1.000000 1.000000
928.000000 2.000000 2950.000000 0.000000 0.563865 0.000000 -0.825867 1.000000 1.000000 1.000000
904.593872 2.000000 2906.027344 0.000000 0.373749 0.000000 -0.927530 1.000000 1.000000 1.000000
482.596497 1.583008 2912.741455 0.000000 0.179149 0.000000 -0.983822 1.000000 1.000000 1.000000
535.000000 1.273926 2950.000000 0.000000 0.267808 0.000000 -0.963473 1.000000 1.000000 1.000000
1359.762207 2.000000 2677.992188 0.000000 -0.410844 0.000000 -0.911706 1.000000 1.000000 1.000000
1379.331909 2.000000 2645.845703 0.000000 -0.410844 0.000000 -0.911706 1.000000 1.000000 1.000000
1410.000000 2.000000 2574.000000 0.000000 0.612655 0.000000 -0.790351 1.000000 1.000000 1.000000
1368.000000 2.000000 2494.000000 0.000000 0.571171 0.000000 -0.820831 1.000000 1.000000 1.000000
1428.632080 2.000000 2649.741943 0.000000 0.063958 0.000000 -0.997953 1.000000 1.000000 1.000000
1472.774048 2.000000 2619.455566 0.000000 0.062740 0.000000 -0.998030 1.000000 1.000000 1.000000
1341.564209 2.000000 2644.917969 0.000000 0.472439 0.000000 -0.881364 1.000000 1.000000 1.000000
1299.301880 2.000000 2603.920410 0.000000 0.492208 0.000000 -0.870478 1.000000 1.000000 1.000000
1282.000000 2.000000 2531.000000 0.000000 -0.410844 0.000000 -0.911706 1.000000 1.000000 1.000000
1302.207031 2.000000 2805.034668 0.000000 0.377666 0.000000 -0.925942 1.000000 1.000000 1.000000
1302.000000 2.000000 2830.000000 0.000000 0.789660 0.000000 -0.613545 1.000000 1.000000 1.000000
1283.556519 2.000000 2781.695801 0.000000 -0.191058 0.000000 -0.981579 1.000000 1.000000 1.000000
1282.766357 2.000000 2740.314697 0.000000 0.526437 0.000000 -0.850215 1.000000 1.000000 1.000000
1239.187256 2.000000 2689.962158 0.000000 0.164463 0.000000 -0.986384 1.000000 1.000000 1.000000
1206.000000 2.000000 2631.000000 0.000000 0.656690 0.000000 -0.754161 1.000000 1.000000 1.000000
1239.494995 2.000000 2580.171631 0.000000 -0.410844 0.000000 -0.911706 1.000000 1.000000 1.000000
1375.000000 2.000000 2888.000000 0.000000 0.596465 0.000000 -0.802639 1.000000 1.000000 1.000000
1373.415161 2.000000 2823.960449 0.000000 -0.410844 0.000000 -0.911706 1.000000 1.000000 1.000000
1436.550293 2.000000 2893.224121 0.000000 -0.410844 0.000000 -0.911706 1.000000 1.000000 1.000000
1451.764038 1.000000 2819.574951 0.000000 0.595890 0.000000 -0.803067 1.000000 1.000000 1.000000
1481.777100 2.000000 2791.917969 0.000000 0.709375 0.000000 -0.704832 1.000000 1.000000 1.000000
1617.390869 2.000000 2780.093262 0.000000 -0.068056 0.000000 -0.997682 1.000000 1.000000 1.000000
1686.101807 2.000000 2724.624756 0.000000 -0.410844 0.000000 -0.911706 1.000000 1.000000 1.000000
1596.411865 2.000000 2783.191406 0.000000 0.366506 0.000000 -0.930416 1.000000 1.000000 1.000000
1605.218994 2.000000 2747.301514 0.000000 0.830124 0.000000 -0.557579 1.000000 1.000000 1.000000
1589.388794 2.000000 2709.801270 0.000000 0.531112 0.000000 -0.847302 1.000000 1.000000 1.000000
1627.095093 1.363037 2842.574707 0.000000 -0.410844 0.000000 -0.911706 1.000000 1.000000 1.000000
1738.213989 2.000000 2888.101807 0.000000 0.690767 0.000000 -0.723078 1.000000 1.000000 1.000000
1742.889526 0.768311 2816.728760 0.000000 0.665460 0.000000 -0.746434 1.000000 1.000000 1.000000
1779.685913 2.000000 2788.651855 0.000000 -0.041318 0.000000 -0.999146 1.000000 1.000000 1.000000
1851.443726 0.406006 2724.944336 0.000000 -0.410844 0.000000 -0.911706 1.000000 1.000000 1.000000
1791.983276 2.000000 2843.782715 0.000000 0.209726 0.000000 -0.977760 1.000000 1.000000 1.000000
1630.000000 1.599121 3227.000000 0.000000 0.488977 0.000000 -0.872297 1.000000 1.000000 1.000000
1703.000000 1.254150 3333.000000 0.000000 -0.586008 0.000000 -0.810306 1.000000 1.000000 1.000000
1832.140869 1.309814 3257.258789 0.000000 -0.077461 0.000000 -0.996996 1.000000 1.000000 1.000000
1771.000000 1.291504 3268.000000 0.000000 -0.067082 0.000000 -0.997748 1.000000 1.000000 1.000000
1875.142700 0.881836 2475.074951 0.000000 -0.095657 0.000000 -0.995415 1.000000 1.000000 1.000000
1737.177856 2.000000 2487.430420 0.000000 -0.117262 0.000000 -0.993101 1.000000 1.000000 1.000000
1681.367798 2.000000 2516.402588 0.000000 -0.226600 0.000000 -0.973988 1.000000 1.000000 1.000000
1637.593628 2.000000 2543.466064 0.000000 -0.135456 0.000000 -0.990784 1.000000 1.000000 1.000000
1581.276245 2.000000 2529.898193 0.000000 0.146586 0.000000 -0.989198 1.000000 1.000000 1.000000
1510.540405 2.000000 2507.639893 0.000000 0.059617 0.000000 -0.998222 1.000000 1.000000 1.000000
1904.067749 2.000000 2320.346680 0.000000 0.941614 0.000000 -0.336694 1.000000 1.000000 1.000000
1845.614990 2.000000 2357.091064 0.000000 -0.422855 0.000000 -0.906198 1.000000 1.000000 1.000000
1301.308716 2.000000 2497.788818 0.000000 -0.542405 0.000000 -0.840117 1.000000 1.000000 1.000000
926.879883 2.000000 2966.823242 0.000000 -0.197187 0.000000 -0.980366 1.000000 1.000000 1.000000
910.000000 2.000000 2992.000000 0.000000 -0.410844 0.000000 -0.911706 1.000000 1.000000 1.000000
953.315552 2.000000 2873.226318 0.000000 -0.028280 0.000000 -0.999600 1.000000 1.000000 1.000000
927.837646 2.000000 2854.032959 0.000000 0.377228 0.000000 -0.926121 1.000000 1.000000 1.000000
1847.000000 2.000000 2837.000000 0.000000 -0.105601 0.000000 -0.994409 1.000000 1.000000 1.000000
1695.000000 2.000000 2501.000000 0.000000 0.652364 0.000000 -0.757906 1.000000 1.000000 1.000000
1623.000000 2.000000 2452.000000 0.000000 0.649503 0.000000 -0.760359 1.000000 1.000000 1.000000
1887.000000 2.000000 2506.000000 0.000000 0.629658 0.000000 -0.776873 1.000000 1.000000 1.000000
1641.961792 3.215820 2481.120850 0.000000 -0.315457 0.000000 0.948940 0.760081 0.760081 0.760081
1641.961792 3.215820 2481.120850 0.000000 -0.315457 0.000000 0.948940 0.760081 0.760081 0.760081
1641.961792 3.215820 2481.120850 0.000000 -0.315457 0.000000 0.948940 0.760081 0.760081 0.760081
1401.877930 2.711914 2643.443848 0.000000 0.124660 0.000000 0.992200 1.000000 1.000000 1.000000
1411.911499 2.650146 2610.705322 0.000000 0.699973 0.000000 0.714169 1.000000 1.000000 1.000000
"}
