object={
	name="env_desert_ambient_close"
	clamp_to_water_level=yes
	render_under_water=no
	generated_content=no
	layer="env_effect_layer"
	entity="env_desert_plains_ambient"
	count=18
	transform="5459.463379 0.000000 1891.604248 0.000000 0.000000 0.000000 1.000000 0.552173 0.552173 0.552173
5551.369141 0.000000 1907.295898 0.000000 0.000000 0.000000 1.000000 0.297986 0.297986 0.297986
5630.522461 0.000000 1921.134277 0.000000 0.000000 0.000000 1.000000 0.312842 0.312842 0.312842
5436.205566 0.000000 1947.849731 0.000000 0.000000 0.000000 1.000000 0.283594 0.283594 0.283594
5461.001465 0.000000 1787.006958 0.000000 0.000000 0.000000 1.000000 0.242018 0.242018 0.242018
5443.491211 0.000000 1820.069336 0.000000 0.000000 0.000000 1.000000 0.251880 0.251880 0.251880
5890.269043 0.000000 2329.384277 0.000000 0.000000 0.000000 1.000000 0.637500 0.637500 0.637500
5935.734863 1.051514 2339.483643 0.000000 0.000000 0.000000 1.000000 0.809375 0.809375 0.809375
6098.912598 0.000000 2288.814941 0.000000 0.000000 0.000000 1.000000 1.088477 1.088477 1.088477
6162.464844 0.000000 2333.692139 0.000000 0.000000 0.000000 1.000000 0.864160 0.864160 0.864160
6162.296387 0.000000 2218.608154 0.000000 0.000000 0.000000 1.000000 0.236219 0.236219 0.236219
6303.719727 0.000000 2237.951172 0.000000 0.000000 0.000000 1.000000 0.325684 0.325684 0.325684
6281.343262 0.000000 2304.405518 0.000000 0.000000 0.000000 1.000000 0.289404 0.289404 0.289404
6307.213379 0.000000 2268.338379 0.000000 0.000000 0.000000 1.000000 0.273193 0.273193 0.273193
6299.012695 0.000000 2295.916260 0.000000 0.000000 0.000000 1.000000 0.252507 0.252507 0.252507
4561.037598 0.000000 2453.812012 0.000000 0.000000 0.000000 1.000000 1.406836 1.406836 1.406836
4447.479492 0.000000 2472.533203 0.000000 0.000000 0.000000 1.000000 1.696492 1.696492 1.696492
4316.586914 0.000000 2527.282227 0.000000 0.000000 0.000000 1.000000 1.411133 1.411133 1.411133
"}
object={
	name="env_desert_mountains"
	clamp_to_water_level=yes
	render_under_water=no
	generated_content=no
	layer="env_effect_mountains_layer"
	entity="env_desert_mountains"
	count=139
	transform="775.308350 -0.837280 1708.707886 0.000000 0.000000 0.000000 1.000000 0.448315 0.448315 0.448315
802.890625 1.222046 1703.966431 0.000000 0.000000 0.000000 1.000000 0.344629 0.344629 0.344629
375.819794 0.051819 418.680481 0.000000 0.000000 0.000000 1.000000 0.471188 0.471188 0.471188
381.445251 0.000000 366.929108 0.000000 0.000000 0.000000 1.000000 0.524271 0.524271 0.524271
392.364227 1.717834 309.431915 0.000000 0.000000 0.000000 1.000000 0.415286 0.415286 0.415286
1586.597290 0.923645 292.839447 0.000000 0.000000 0.000000 1.000000 0.685159 0.685159 0.685159
1856.005371 0.673035 335.611420 0.000000 0.000000 0.000000 1.000000 0.533850 0.533850 0.533850
2121.014648 0.000000 380.232758 0.000000 0.000000 0.000000 1.000000 0.568030 0.568030 0.568030
3260.866211 0.000000 471.638794 0.000000 0.000000 0.000000 1.000000 0.586319 0.586319 0.586319
3299.452881 0.000000 538.861511 0.000000 0.000000 0.000000 1.000000 0.299982 0.299982 0.299982
3268.445068 0.000000 574.481812 0.000000 0.000000 0.000000 1.000000 0.285730 0.285730 0.285730
3149.071045 0.000000 657.428833 0.000000 0.000000 0.000000 1.000000 0.263580 0.263580 0.263580
3034.322021 0.000000 839.589478 0.000000 0.000000 0.000000 1.000000 0.486504 0.486504 0.486504
1125.991699 0.000000 356.679169 0.000000 0.000000 0.000000 1.000000 0.335573 0.335573 0.335573
794.599060 0.000000 453.239258 0.000000 0.000000 0.000000 1.000000 0.493285 0.493285 0.493285
520.925903 0.000000 1245.199463 0.000000 0.000000 0.000000 1.000000 0.446889 0.446889 0.446889
565.938843 0.000000 1280.193726 0.000000 0.137805 0.000000 0.990459 0.608395 0.608395 0.608395
605.098328 0.000000 1310.975464 0.000000 0.000000 0.000000 1.000000 0.240674 0.240674 0.240674
550.706421 -0.932129 1341.233398 0.000000 0.000000 0.000000 1.000000 0.403040 0.403040 0.403040
689.648499 0.000000 1389.789551 0.000000 0.000000 0.000000 1.000000 0.724780 0.724780 0.724780
736.771057 0.000000 1492.648315 0.000000 0.000000 0.000000 1.000000 0.548730 0.548730 0.548730
671.684570 -0.303955 1578.677734 0.000000 0.000000 0.000000 1.000000 0.325818 0.325818 0.325818
710.624390 0.000000 1537.900024 0.000000 0.000000 0.000000 1.000000 0.254944 0.254944 0.254944
628.672729 0.000000 1483.207153 0.000000 0.000000 0.000000 1.000000 0.265625 0.265625 0.265625
709.928406 -0.557861 1559.497559 0.000000 0.000000 0.000000 1.000000 0.248340 0.248340 0.248340
628.856934 -0.563843 1277.465332 0.000000 0.000000 0.000000 1.000000 0.268420 0.268420 0.268420
1138.459839 0.000000 1464.078369 0.000000 0.000000 0.000000 1.000000 0.437378 0.437378 0.437378
1359.801636 0.000000 1513.491089 0.000000 0.000000 0.000000 1.000000 0.393957 0.393957 0.393957
1268.180176 0.000000 1564.607422 0.000000 0.000000 0.000000 1.000000 0.270215 0.270215 0.270215
1324.665405 0.784058 1611.305786 0.000000 0.000000 0.000000 1.000000 0.279565 0.279565 0.279565
1253.697388 0.000000 1599.305908 0.000000 0.000000 0.000000 1.000000 0.217859 0.217859 0.217859
1230.270996 0.000000 1615.651489 0.000000 0.000000 0.000000 1.000000 0.264062 0.264062 0.264062
1116.812988 0.327026 1617.789062 0.000000 0.000000 0.000000 1.000000 0.195154 0.195154 0.195154
994.786804 0.000000 1592.144409 0.000000 0.000000 0.000000 1.000000 0.160718 0.160718 0.160718
1108.567993 0.000000 1587.226685 0.000000 0.000000 0.000000 1.000000 0.160718 0.160718 0.160718
1137.512207 0.000000 1595.625366 0.000000 0.000000 0.000000 1.000000 0.160718 0.160718 0.160718
1079.770264 0.000000 1618.855957 0.000000 0.000000 0.000000 1.000000 0.160718 0.160718 0.160718
822.810364 0.000000 376.718872 0.000000 0.000000 0.000000 1.000000 0.684759 0.684759 0.684759
1016.363464 -0.919861 166.763062 0.000000 0.000000 0.000000 1.000000 0.213333 0.213333 0.213333
1048.284302 -0.919861 189.145294 0.000000 0.000000 0.000000 1.000000 0.213333 0.213333 0.213333
1090.586182 0.000000 165.620819 0.000000 0.000000 0.000000 1.000000 0.213333 0.213333 0.213333
3410.028809 1.027893 583.706177 0.000000 0.000000 0.000000 1.000000 0.472009 0.472009 0.472009
3394.926514 0.000000 624.789246 0.000000 0.000000 0.000000 1.000000 0.356018 0.356018 0.356018
2861.727295 -0.130005 1235.499878 0.000000 0.000000 0.000000 1.000000 0.277991 0.277991 0.277991
2899.250977 -0.130005 1208.345337 0.000000 0.000000 0.000000 1.000000 0.526409 0.526409 0.526409
3090.663574 -0.130005 1082.318726 0.000000 0.000000 0.000000 1.000000 0.526409 0.526409 0.526409
3258.248291 -0.130005 1004.598816 0.000000 0.000000 0.000000 1.000000 0.526409 0.526409 0.526409
3235.216797 -0.130005 890.076355 0.000000 0.000000 0.000000 1.000000 0.526409 0.526409 0.526409
3283.126953 -0.130005 838.051514 0.000000 0.000000 0.000000 1.000000 0.526409 0.526409 0.526409
3307.573730 -0.130005 806.098206 0.000000 0.000000 0.000000 1.000000 0.526409 0.526409 0.526409
3322.286133 -1.111389 778.160034 0.000000 0.000000 0.000000 1.000000 0.526409 0.526409 0.526409
3350.072021 -1.111389 746.394348 0.000000 0.000000 0.000000 1.000000 0.526409 0.526409 0.526409
3368.265625 0.882874 713.224365 0.000000 0.000000 0.000000 1.000000 0.526409 0.526409 0.526409
4041.522949 0.000000 1068.856812 0.000000 0.000000 0.000000 1.000000 0.353748 0.353748 0.353748
3026.772461 -0.378906 1532.742310 0.000000 0.000000 0.000000 1.000000 0.221167 0.221167 0.221167
3019.341309 0.000000 1525.276489 0.000000 0.000000 0.000000 1.000000 0.166528 0.166528 0.166528
2992.235352 0.000000 1531.732666 0.000000 0.000000 0.000000 1.000000 0.166528 0.166528 0.166528
3001.291260 0.000000 1546.444092 0.000000 0.000000 0.000000 1.000000 0.166528 0.166528 0.166528
3461.199463 3.036987 1695.005615 0.000000 0.000000 0.000000 1.000000 0.578479 0.578479 0.578479
3405.794678 0.950562 1739.659546 0.000000 0.000000 0.000000 1.000000 0.431873 0.431873 0.431873
3377.130859 0.000000 1800.303589 0.000000 0.000000 0.000000 1.000000 0.623132 0.623132 0.623132
3275.534668 0.000000 1827.188599 0.000000 0.000000 0.000000 1.000000 0.338953 0.338953 0.338953
3551.958496 0.000000 1829.275391 0.000000 0.000000 0.000000 1.000000 0.226855 0.226855 0.226855
3566.405273 -0.597290 1855.562012 0.000000 0.000000 0.000000 1.000000 0.141367 0.141367 0.141367
3731.985352 1.348633 1570.792358 0.000000 0.000000 0.000000 1.000000 0.527441 0.527441 0.527441
3870.657715 -0.900757 1354.990601 0.000000 0.000000 0.000000 1.000000 0.508630 0.508630 0.508630
3801.326416 -0.074219 1331.541748 0.000000 0.000000 0.000000 1.000000 0.539233 0.539233 0.539233
3878.058838 0.000000 1281.760620 0.000000 0.000000 0.000000 1.000000 0.499768 0.499768 0.499768
3959.757324 0.000000 1328.334839 0.000000 0.000000 0.000000 1.000000 0.384802 0.384802 0.384802
3981.085693 0.615479 1617.416748 0.000000 0.000000 0.000000 1.000000 0.298071 0.298071 0.298071
3976.620605 0.615479 1630.774292 0.000000 0.000000 0.000000 1.000000 0.298071 0.298071 0.298071
3682.895020 0.000000 1735.815674 0.000000 0.000000 0.000000 1.000000 0.352063 0.352063 0.352063
3729.941162 0.597168 1712.117065 0.000000 0.000000 0.000000 1.000000 0.276819 0.276819 0.276819
3761.572998 0.000000 1714.014526 0.000000 0.000000 0.000000 1.000000 0.268115 0.268115 0.268115
3789.639648 0.000000 1753.369995 0.000000 0.000000 0.000000 1.000000 0.284729 0.284729 0.284729
3804.213135 1.421997 1767.298340 0.000000 0.000000 0.000000 1.000000 0.225977 0.225977 0.225977
3871.023926 0.000000 1813.381104 0.000000 0.000000 0.000000 1.000000 0.239978 0.239978 0.239978
3884.288086 1.209595 1828.062866 0.000000 0.000000 0.000000 1.000000 0.213806 0.213806 0.213806
3919.602051 0.000000 1833.415283 0.000000 0.000000 0.000000 1.000000 0.155676 0.155676 0.155676
3934.940918 0.904053 1834.757446 0.000000 0.000000 0.000000 1.000000 0.204199 0.204199 0.204199
3991.512695 0.388428 1868.909546 0.000000 0.000000 0.000000 1.000000 0.183093 0.183093 0.183093
4013.974609 0.000000 1814.345459 0.000000 0.000000 0.000000 1.000000 0.208643 0.208643 0.208643
4057.579590 0.000000 1826.987915 0.000000 0.000000 0.000000 1.000000 0.236023 0.236023 0.236023
4070.927734 0.000000 1815.107910 0.000000 0.000000 0.000000 1.000000 0.155371 0.155371 0.155371
4448.124023 0.000000 1327.004272 0.000000 0.000000 0.000000 1.000000 0.308215 0.308215 0.308215
4442.405762 0.000000 1298.766602 0.000000 0.000000 0.000000 1.000000 0.252710 0.252710 0.252710
4493.115234 0.664185 1327.417236 0.000000 0.000000 0.000000 1.000000 0.273825 0.273825 0.273825
4496.933594 0.701416 1346.186523 0.000000 0.000000 0.000000 1.000000 0.290991 0.290991 0.290991
4498.179688 0.000000 1363.678833 0.000000 0.000000 0.000000 1.000000 0.162781 0.162781 0.162781
4480.238281 0.816650 1408.688232 0.000000 0.000000 0.000000 1.000000 0.394958 0.394958 0.394958
4480.909668 1.739868 1436.355347 0.000000 0.000000 0.000000 1.000000 0.241467 0.241467 0.241467
4471.496094 0.427246 1469.752930 0.000000 0.000000 0.000000 1.000000 0.407288 0.407288 0.407288
4589.020996 0.000000 1488.288330 0.000000 0.000000 0.000000 1.000000 0.816284 0.816284 0.816284
4593.654785 0.000000 1531.123169 0.000000 0.000000 0.000000 1.000000 0.670483 0.670483 0.670483
4598.354980 0.000000 1579.380615 0.000000 0.000000 0.000000 1.000000 0.580518 0.580518 0.580518
4572.541504 1.757080 1649.178467 0.000000 0.000000 0.000000 1.000000 0.469641 0.469641 0.469641
4531.761719 0.000000 1564.780396 0.000000 0.000000 0.000000 1.000000 1.000000 1.000000 1.000000
4479.030762 0.808716 1557.726562 0.000000 0.000000 0.000000 1.000000 1.000000 1.000000 1.000000
4523.262695 0.000000 1594.303589 0.000000 0.000000 0.000000 1.000000 1.000000 1.000000 1.000000
4435.444824 0.000000 1645.418457 0.000000 0.000000 0.000000 1.000000 1.000000 1.000000 1.000000
4446.354492 0.000000 1685.468872 0.000000 0.000000 0.000000 1.000000 1.000000 1.000000 1.000000
4312.762695 0.000000 1612.247070 0.000000 0.000000 0.000000 1.000000 0.440405 0.440405 0.440405
4234.991699 0.000000 1673.503296 0.000000 0.000000 0.000000 1.000000 0.453894 0.453894 0.453894
4361.502930 0.000000 1706.779419 0.000000 0.000000 0.000000 1.000000 0.504626 0.504626 0.504626
4341.590332 2.586670 1774.645386 0.000000 0.000000 0.000000 1.000000 0.558643 0.558643 0.558643
4412.404297 0.000000 1789.030762 0.000000 0.000000 0.000000 1.000000 1.000000 1.000000 1.000000
4497.396973 0.000000 1746.633423 0.000000 0.000000 0.000000 1.000000 0.713416 0.713416 0.713416
4454.233398 1.350952 1742.945923 0.000000 0.000000 0.000000 1.000000 0.426990 0.426990 0.426990
4553.681641 0.000000 1689.853394 0.000000 0.000000 0.000000 1.000000 0.385522 0.385522 0.385522
4605.489258 0.000000 1726.630859 0.000000 0.000000 0.000000 1.000000 0.443201 0.443201 0.443201
4557.001953 0.000000 1731.689331 0.000000 0.000000 0.000000 1.000000 0.561340 0.561340 0.561340
4577.979004 0.000000 1799.327759 0.000000 0.000000 0.000000 1.000000 1.000000 1.000000 1.000000
4622.080078 1.583496 1831.987549 0.000000 0.000000 0.000000 1.000000 0.515308 0.515308 0.515308
4559.632812 3.157715 1856.095581 0.000000 0.000000 0.000000 1.000000 0.675073 0.675073 0.675073
4502.426270 0.000000 1793.478027 0.000000 0.000000 0.000000 1.000000 0.370972 0.370972 0.370972
4670.172852 2.486572 1886.965088 0.000000 0.000000 0.000000 1.000000 0.491577 0.491577 0.491577
5108.149414 0.000000 1772.977051 0.000000 0.000000 0.000000 1.000000 0.647778 0.647778 0.647778
5149.885742 0.000000 1769.960327 0.000000 0.000000 0.000000 1.000000 1.000000 1.000000 1.000000
5078.615234 0.000000 1863.828125 0.000000 0.000000 0.000000 1.000000 0.553625 0.553625 0.553625
5121.894531 0.000000 1824.527954 0.000000 0.000000 0.000000 1.000000 0.464294 0.464294 0.464294
5156.118164 0.000000 1898.078613 0.000000 0.000000 0.000000 1.000000 0.704614 0.704614 0.704614
5229.243164 0.000000 1934.987305 0.000000 0.000000 0.000000 1.000000 0.605664 0.605664 0.605664
5286.017578 2.377075 1968.771118 0.000000 0.000000 0.000000 1.000000 1.249927 1.249927 1.249927
5347.750977 1.734253 1999.505737 0.000000 0.000000 0.000000 1.000000 1.320081 1.320081 1.320081
5333.673340 0.000000 1949.129761 0.000000 0.000000 0.000000 1.000000 0.661536 0.661536 0.661536
5452.939941 0.000000 2116.046143 0.000000 0.000000 0.000000 1.000000 1.000000 1.000000 1.000000
5541.334473 0.828613 2143.954346 0.000000 0.000000 0.000000 1.000000 0.470508 0.470508 0.470508
5620.071777 0.000000 2165.113281 0.000000 0.000000 0.000000 1.000000 0.347656 0.347656 0.347656
5894.521484 1.091064 2189.614990 0.000000 0.000000 0.000000 1.000000 0.367312 0.367312 0.367312
5868.600586 1.091064 2211.447998 0.000000 0.000000 0.000000 1.000000 0.367312 0.367312 0.367312
5844.285645 1.091064 2212.152588 0.000000 0.000000 0.000000 1.000000 0.367312 0.367312 0.367312
5845.644531 1.770508 2179.831787 0.000000 0.000000 0.000000 1.000000 0.367312 0.367312 0.367312
5819.081055 1.770508 2191.385254 0.000000 0.000000 0.000000 1.000000 0.367312 0.367312 0.367312
5829.388672 -0.663574 2125.803467 0.000000 0.000000 0.000000 1.000000 0.305434 0.305434 0.305434
5763.437988 -0.663574 2146.192383 0.000000 0.000000 0.000000 1.000000 0.276416 0.276416 0.276416
5708.643555 -0.663574 2192.295166 0.000000 0.000000 0.000000 1.000000 0.276416 0.276416 0.276416
5652.940918 0.000000 2170.146729 0.000000 0.000000 0.000000 1.000000 0.276416 0.276416 0.276416
4510.267578 1.328857 2264.759277 0.000000 0.000000 0.000000 1.000000 1.000000 1.000000 1.000000
4475.141602 0.000000 2321.049072 0.000000 0.000000 0.000000 1.000000 0.578418 0.578418 0.578418
"}
object={
	name="env_desert_plains"
	clamp_to_water_level=yes
	render_under_water=no
	generated_content=no
	layer="env_effect_layer"
	entity="env_desert_plains"
	count=15
	transform="380.762756 0.000000 636.083801 0.000000 0.000000 0.000000 1.000000 0.741217 0.741217 0.741217
3405.906738 0.000000 1175.281250 0.000000 0.000000 0.000000 1.000000 0.671313 0.671313 0.671313
3431.007080 0.000000 1120.045776 0.000000 0.000000 0.000000 1.000000 0.665503 0.665503 0.665503
3414.803955 0.000000 1146.884766 0.000000 0.000000 0.000000 1.000000 0.534302 0.534302 0.534302
3454.817139 0.000000 1007.740417 0.000000 0.000000 0.000000 1.000000 0.722021 0.722021 0.722021
4743.164551 0.000000 1443.249390 0.000000 0.000000 0.000000 1.000000 1.000000 1.000000 1.000000
4788.098145 0.000000 1471.978882 0.000000 0.000000 0.000000 1.000000 1.000000 1.000000 1.000000
4613.948242 0.000000 1327.322998 0.000000 0.000000 0.000000 1.000000 1.000000 1.000000 1.000000
4624.004883 0.000000 1279.230713 0.000000 0.000000 0.000000 1.000000 1.000000 1.000000 1.000000
4259.658691 0.000000 1484.735962 0.000000 0.000000 0.000000 1.000000 0.667493 0.667493 0.667493
4249.641113 0.000000 1872.042114 0.000000 0.000000 0.000000 1.000000 0.711273 0.711273 0.711273
3904.614502 0.000000 2420.605225 0.000000 0.000000 0.000000 1.000000 0.714624 0.714624 0.714624
4766.006348 0.000000 2383.659424 0.000000 0.000000 0.000000 1.000000 1.000000 1.000000 1.000000
5802.192871 0.000000 2329.054932 0.000000 0.000000 0.000000 1.000000 0.636865 0.636865 0.636865
5377.431641 0.000000 1801.399780 0.000000 0.000000 0.000000 1.000000 1.000000 1.000000 1.000000
"}
object={
	name="env_desert_plains_ambient"
	clamp_to_water_level=yes
	render_under_water=no
	generated_content=no
	layer="env_effect_layer"
	entity="env_desert_plains_ambient"
	count=99
	transform="235.835510 0.000000 948.768127 0.000000 0.000000 0.000000 1.000000 1.000000 1.000000 1.000000
222.681961 0.000000 864.556091 0.000000 0.000000 0.000000 1.000000 1.000000 1.000000 1.000000
253.601166 0.000000 1025.021240 0.000000 0.000000 0.000000 1.000000 0.955786 0.955786 0.955786
313.405426 0.000000 1134.953369 0.000000 0.000000 0.000000 1.000000 1.000000 1.000000 1.000000
181.545670 0.000000 909.240173 0.000000 0.000000 0.000000 1.000000 1.000000 1.000000 1.000000
449.452362 -0.242310 897.531433 0.000000 0.000000 0.000000 1.000000 1.815253 1.815253 1.815253
630.685303 0.000000 844.785583 0.000000 0.000000 0.000000 1.000000 2.668341 2.668341 2.668341
608.178223 0.000000 1055.652954 0.000000 0.000000 0.000000 1.000000 2.037744 2.037744 2.037744
951.118103 0.000000 811.411682 0.000000 0.000000 0.000000 1.000000 2.198291 2.198291 2.198291
863.019653 0.000000 979.207764 0.000000 0.000000 0.000000 1.000000 2.171826 2.171826 2.171826
1051.690186 0.000000 1300.904175 0.000000 0.000000 0.000000 1.000000 2.078748 2.078748 2.078748
937.016235 0.000000 1278.712280 0.000000 0.000000 0.000000 1.000000 1.765440 1.765440 1.765440
1356.132202 0.000000 1023.640808 0.000000 0.000000 0.000000 1.000000 2.440082 2.440082 2.440082
1407.069580 0.000000 1285.926392 0.000000 0.000000 0.000000 1.000000 1.757678 1.757678 1.757678
1283.235107 0.000000 1398.041748 0.000000 0.000000 0.000000 1.000000 1.000000 1.000000 1.000000
715.574341 0.000000 1245.102417 0.000000 0.000000 0.000000 1.000000 0.671838 0.671838 0.671838
560.582703 0.000000 1206.916992 0.000000 0.000000 0.000000 1.000000 0.475837 0.475837 0.475837
484.149994 0.000000 1183.513306 0.000000 0.000000 0.000000 1.000000 0.511557 0.511557 0.511557
1325.079102 0.000000 691.069397 0.000000 0.000000 0.000000 1.000000 1.828168 1.828168 1.828168
1587.491577 0.000000 814.929871 0.000000 0.000000 0.000000 1.000000 1.841754 1.841754 1.841754
1675.619263 0.000000 588.902710 0.000000 0.000000 0.000000 1.000000 1.221500 1.221500 1.221500
1912.730225 0.000000 693.510803 0.000000 0.000000 0.000000 1.000000 1.889435 1.889435 1.889435
1763.812256 0.000000 939.333862 0.000000 0.000000 0.000000 1.000000 1.038013 1.038013 1.038013
1696.227905 0.000000 1178.525757 0.000000 0.000000 0.000000 1.000000 1.542456 1.542456 1.542456
1932.554810 0.000000 1135.950317 0.000000 0.000000 0.000000 1.000000 0.716504 0.716504 0.716504
2045.260010 0.000000 965.701416 0.000000 0.000000 0.000000 1.000000 2.235785 2.235785 2.235785
2279.842773 0.000000 746.314148 0.000000 0.000000 0.000000 1.000000 2.690900 2.690900 2.690900
2504.344238 0.000000 790.695312 0.000000 0.000000 0.000000 1.000000 3.127435 3.127435 3.127435
2407.573975 0.000000 1033.682129 0.000000 0.000000 0.000000 1.000000 2.224841 2.224841 2.224841
3096.971436 0.000000 94.629547 0.000000 0.000000 0.000000 1.000000 0.636585 0.636585 0.636585
3474.769531 0.000000 302.361420 0.000000 0.000000 0.000000 1.000000 0.841418 0.841418 0.841418
3659.311279 0.000000 365.749329 0.000000 0.000000 0.000000 1.000000 0.361235 0.361235 0.361235
3527.307373 0.000000 275.451050 0.000000 0.000000 0.000000 1.000000 0.972903 0.972903 0.972903
2645.522461 0.000000 1120.439575 0.000000 0.000000 0.000000 1.000000 1.000000 1.000000 1.000000
2767.062500 0.000000 1189.085205 0.000000 0.000000 0.000000 1.000000 0.611597 0.611597 0.611597
2765.830566 0.000000 836.596497 0.000000 0.000000 0.000000 1.000000 0.667139 0.667139 0.667139
2878.604492 0.000000 874.136902 0.000000 0.000000 0.000000 1.000000 0.672772 0.672772 0.672772
2834.711914 0.000000 729.569885 0.000000 0.000000 0.000000 1.000000 0.545020 0.545020 0.545020
2687.249023 0.000000 581.326477 0.000000 0.000000 0.000000 1.000000 1.145217 1.145217 1.145217
2580.817383 0.000000 583.869263 0.000000 0.000000 0.000000 1.000000 0.368042 0.368042 0.368042
2953.906250 0.000000 598.641541 0.000000 0.000000 0.000000 1.000000 0.644995 0.644995 0.644995
3022.203125 0.000000 692.499695 0.000000 0.000000 0.000000 1.000000 0.469543 0.469543 0.469543
2863.662842 0.000000 1042.460083 0.000000 0.000000 0.000000 1.000000 0.423084 0.423084 0.423084
2947.198975 0.000000 991.706543 0.000000 0.000000 0.000000 1.000000 0.329249 0.329249 0.329249
2894.590820 0.000000 959.180542 0.000000 0.000000 0.000000 1.000000 0.220822 0.220822 0.220822
2961.648438 0.000000 779.839478 0.000000 0.000000 0.000000 1.000000 0.220822 0.220822 0.220822
2957.141602 0.000000 745.436829 0.000000 0.000000 0.000000 1.000000 0.220822 0.220822 0.220822
3108.066162 0.000000 712.505310 0.000000 0.000000 0.000000 1.000000 0.220822 0.220822 0.220822
2889.845703 0.000000 1296.539307 0.000000 0.000000 0.000000 1.000000 0.372290 0.372290 0.372290
3491.615234 0.000000 2518.870850 0.000000 0.000000 0.000000 1.000000 0.973608 0.973608 0.973608
3443.607666 0.853027 2588.119141 0.000000 0.000000 0.000000 1.000000 1.155151 1.155151 1.155151
3086.441650 0.000000 1599.666748 0.000000 0.000000 0.000000 1.000000 0.185437 0.185437 0.185437
3137.359619 0.000000 1628.161377 0.000000 0.000000 0.000000 1.000000 0.218945 0.218945 0.218945
3288.025391 0.000000 1629.755005 0.000000 0.000000 0.000000 1.000000 0.362835 0.362835 0.362835
3257.235840 0.000000 1641.337524 0.000000 0.000000 0.000000 1.000000 0.444038 0.444038 0.444038
3143.598145 0.000000 1437.274292 0.000000 0.000000 0.000000 1.000000 1.631763 1.631763 1.631763
3254.051514 0.000000 1434.569946 0.000000 0.000000 0.000000 1.000000 1.603003 1.603003 1.603003
3096.004150 0.000000 1281.192993 0.000000 0.000000 0.000000 1.000000 1.000000 1.000000 1.000000
3156.039551 0.000000 1247.107544 0.000000 0.000000 0.000000 1.000000 1.000000 1.000000 1.000000
3411.208984 0.000000 1339.195801 0.000000 0.000000 0.000000 1.000000 0.893115 0.893115 0.893115
3475.406006 0.000000 1200.255005 0.000000 0.000000 0.000000 1.000000 0.812964 0.812964 0.812964
3560.678711 0.000000 1150.877686 0.000000 0.000000 0.000000 1.000000 0.696912 0.696912 0.696912
3520.870850 0.000000 1173.731934 0.000000 0.000000 0.000000 1.000000 0.520020 0.520020 0.520020
3505.108398 0.000000 812.659851 0.000000 0.000000 0.000000 1.000000 1.281580 1.281580 1.281580
3630.783447 0.000000 880.323669 0.000000 0.000000 0.000000 1.000000 1.886658 1.886658 1.886658
3757.336914 0.000000 889.391418 0.000000 0.000000 0.000000 1.000000 2.326880 2.326880 2.326880
3916.752441 0.000000 930.814392 0.000000 0.000000 0.000000 1.000000 1.476953 1.476953 1.476953
4695.517090 0.000000 1392.501099 0.000000 0.000000 0.000000 1.000000 0.649577 0.649577 0.649577
4337.340820 0.000000 1421.248657 0.000000 0.000000 0.000000 1.000000 0.830762 0.830762 0.830762
4383.982910 0.000000 1462.502808 0.000000 0.000000 0.000000 1.000000 0.872400 0.872400 0.872400
4078.819336 0.000000 1469.244141 0.000000 0.000000 0.000000 1.000000 0.587683 0.587683 0.587683
4041.741211 0.000000 1519.674316 0.000000 0.000000 0.000000 1.000000 0.620581 0.620581 0.620581
3903.429199 0.000000 1680.448120 0.000000 0.000000 0.000000 1.000000 0.812427 0.812427 0.812427
3848.349854 0.000000 1678.542358 0.000000 0.000000 0.000000 1.000000 0.457410 0.457410 0.457410
4111.529785 0.000000 1991.534058 0.000000 0.000000 0.000000 1.000000 0.821436 0.821436 0.821436
4024.809082 0.000000 1988.285400 0.000000 0.000000 0.000000 1.000000 1.160376 1.160376 1.160376
3989.184326 0.000000 2059.764648 0.000000 0.000000 0.000000 1.000000 0.693506 0.693506 0.693506
3960.515137 0.000000 1975.213989 0.000000 0.000000 0.000000 1.000000 0.597510 0.597510 0.597510
3860.700439 0.000000 2063.445312 0.000000 0.000000 0.000000 1.000000 0.542085 0.542085 0.542085
3840.008301 0.000000 2145.594238 0.000000 0.000000 0.000000 1.000000 1.081183 1.081183 1.081183
3844.851074 0.000000 2249.720215 0.000000 0.000000 0.000000 1.000000 0.853526 0.853526 0.853526
3862.918701 0.000000 2335.655029 0.000000 0.000000 0.000000 1.000000 0.664233 0.664233 0.664233
4326.216309 0.000000 2176.143799 0.000000 0.000000 0.000000 1.000000 1.000000 1.000000 1.000000
4199.408691 0.000000 2219.362305 0.000000 0.000000 0.000000 1.000000 1.589917 1.589917 1.589917
4202.456543 0.000000 2113.510254 0.000000 0.000000 0.000000 1.000000 0.764697 0.764697 0.764697
4111.606445 0.000000 2246.019531 0.000000 0.000000 0.000000 1.000000 1.163330 1.163330 1.163330
4869.219727 0.000000 2449.630859 0.000000 0.000000 0.000000 1.000000 0.533496 0.533496 0.533496
4838.917480 0.000000 2480.865234 0.000000 0.000000 0.000000 1.000000 0.533496 0.533496 0.533496
4792.088867 0.000000 2487.265137 0.000000 0.000000 0.000000 1.000000 0.533496 0.533496 0.533496
5428.048828 0.000000 2594.465820 0.000000 0.000000 0.000000 1.000000 0.585085 0.585085 0.585085
5469.257324 0.000000 2575.922852 0.000000 0.000000 0.000000 1.000000 0.412891 0.412891 0.412891
5714.030273 0.000000 2336.424805 0.000000 0.000000 0.000000 1.000000 0.834985 0.834985 0.834985
5635.437988 0.000000 2340.791748 0.000000 0.000000 0.000000 1.000000 1.218555 1.218555 1.218555
5531.523926 0.000000 2326.743164 0.000000 0.000000 0.000000 1.000000 0.561401 0.561401 0.561401
5295.555664 0.000000 2173.383545 0.000000 0.000000 0.000000 1.000000 1.197266 1.197266 1.197266
5162.131348 0.000000 2116.564941 0.000000 0.000000 0.000000 1.000000 1.687988 1.687988 1.687988
5022.660156 0.000000 2066.134521 0.000000 0.000000 0.000000 1.000000 1.480249 1.480249 1.480249
4918.284180 0.000000 2016.772949 0.000000 0.000000 0.000000 1.000000 0.734290 0.734290 0.734290
5237.664062 0.000000 1830.575684 0.000000 0.000000 0.000000 1.000000 0.511047 0.511047 0.511047
"}
object={
	name="env_forest_mountains"
	clamp_to_water_level=yes
	render_under_water=no
	generated_content=no
	layer="env_effect_mountains_layer"
	entity="env_mist_sun"
	count=0
}
object={
	name="env_mist_forest"
	clamp_to_water_level=yes
	render_under_water=no
	generated_content=no
	layer="env_effect_layer"
	entity="env_mist_sun"
	count=105
	transform="2141.059326 0.000000 3543.593506 0.000000 0.000000 0.000000 1.000000 1.000000 1.000000 1.000000
2175.089844 0.000000 3577.354980 0.000000 0.000000 0.000000 1.000000 1.000000 1.000000 1.000000
2209.466797 0.000000 3521.710693 0.000000 0.000000 0.000000 1.000000 1.000000 1.000000 1.000000
2249.520264 0.000000 3669.718750 0.000000 0.000000 0.000000 1.000000 1.206787 1.206787 1.206787
2298.471680 0.000000 3693.831543 0.000000 0.000000 0.000000 1.000000 1.000000 1.000000 1.000000
2285.832764 0.000000 3582.442383 0.000000 0.000000 0.000000 1.000000 1.330542 1.330542 1.330542
2338.371338 0.000000 3585.624756 0.000000 0.000000 0.000000 1.000000 1.000000 1.000000 1.000000
2334.714844 0.000000 3542.948242 0.000000 0.000000 0.000000 1.000000 1.000000 1.000000 1.000000
2247.077881 0.000000 3507.642090 0.000000 0.000000 0.000000 1.000000 0.526074 0.526074 0.526074
2445.426270 0.000000 3342.554932 0.000000 0.000000 0.000000 1.000000 1.000000 1.000000 1.000000
2501.034668 0.000000 3325.942383 0.000000 0.000000 0.000000 1.000000 1.584106 1.584106 1.584106
2541.392578 0.000000 3221.605469 0.000000 0.000000 0.000000 1.000000 0.730298 0.730298 0.730298
2553.317383 0.000000 3178.814697 0.000000 0.000000 0.000000 1.000000 1.000000 1.000000 1.000000
2614.138184 0.000000 3546.936279 0.000000 0.000000 0.000000 1.000000 1.000000 1.000000 1.000000
2608.238281 0.000000 3499.139893 0.000000 0.000000 0.000000 1.000000 1.000000 1.000000 1.000000
2617.245117 0.000000 3453.284180 0.000000 0.000000 0.000000 1.000000 1.000000 1.000000 1.000000
2644.100098 0.000000 3476.046631 0.000000 0.000000 0.000000 1.000000 0.657153 0.657153 0.657153
2770.654053 0.000000 3468.555176 0.000000 0.000000 0.000000 1.000000 1.218066 1.218066 1.218066
2725.070557 0.000000 3681.761719 0.000000 0.000000 0.000000 1.000000 1.000000 1.000000 1.000000
2781.118652 0.000000 3650.200684 0.000000 0.000000 0.000000 1.000000 1.000000 1.000000 1.000000
2828.680908 0.000000 3614.323975 0.000000 0.000000 0.000000 1.000000 1.000000 1.000000 1.000000
2857.515625 0.000000 3574.031738 0.000000 0.000000 0.000000 1.000000 1.000000 1.000000 1.000000
2910.022705 0.000000 3493.593018 0.000000 0.000000 0.000000 1.000000 1.000000 1.000000 1.000000
2897.871826 0.000000 3437.128906 0.000000 0.000000 0.000000 1.000000 1.000000 1.000000 1.000000
2931.056396 0.000000 3373.343506 0.000000 0.000000 0.000000 1.000000 1.000000 1.000000 1.000000
2903.949219 0.000000 3309.934082 0.000000 0.000000 0.000000 1.000000 1.136914 1.136914 1.136914
2922.193359 0.000000 3250.784668 0.000000 0.000000 0.000000 1.000000 1.000000 1.000000 1.000000
2976.541504 0.000000 3324.780518 0.000000 0.000000 0.000000 1.000000 1.000000 1.000000 1.000000
3039.523926 0.000000 3287.199463 0.000000 0.000000 0.000000 1.000000 1.000000 1.000000 1.000000
3080.075439 0.000000 3239.521484 0.000000 0.000000 0.000000 1.000000 1.000000 1.000000 1.000000
3186.201660 0.000000 3283.663330 0.000000 0.000000 0.000000 1.000000 1.000000 1.000000 1.000000
3249.020020 0.000000 3294.789551 0.000000 0.000000 0.000000 1.000000 1.000000 1.000000 1.000000
3306.354248 0.000000 3312.568359 0.000000 0.000000 0.000000 1.000000 1.000000 1.000000 1.000000
3287.159424 0.000000 3363.114746 0.000000 0.000000 0.000000 1.000000 1.000000 1.000000 1.000000
3340.240967 0.000000 3401.845215 0.000000 0.000000 0.000000 1.000000 1.000000 1.000000 1.000000
3418.161133 0.000000 3412.669678 0.000000 0.000000 0.000000 1.000000 1.000000 1.000000 1.000000
3480.427734 0.000000 3430.982178 0.000000 0.000000 0.000000 1.000000 1.000000 1.000000 1.000000
3570.124023 0.000000 3426.854980 0.000000 0.000000 0.000000 1.000000 1.000000 1.000000 1.000000
3647.303955 0.000000 3440.774658 0.000000 0.000000 0.000000 1.000000 1.000000 1.000000 1.000000
3860.398193 0.000000 3384.766602 0.000000 0.000000 0.000000 1.000000 1.000000 1.000000 1.000000
3943.476807 0.000000 3437.892578 0.000000 0.000000 0.000000 1.000000 1.000000 1.000000 1.000000
4008.855469 0.000000 3419.686035 0.000000 0.000000 0.000000 1.000000 1.000000 1.000000 1.000000
4016.806885 0.000000 3504.501709 0.000000 0.000000 0.000000 1.000000 1.000000 1.000000 1.000000
4222.962891 0.000000 3428.950928 0.000000 0.000000 0.000000 1.000000 1.797559 1.797559 1.797559
4392.164062 0.000000 3358.085449 0.000000 0.000000 0.000000 1.000000 1.000000 1.000000 1.000000
4468.886719 0.000000 3285.967529 0.000000 0.000000 0.000000 1.000000 1.000000 1.000000 1.000000
4410.359863 0.000000 3158.872070 0.000000 0.000000 0.000000 1.000000 1.000000 1.000000 1.000000
4233.876953 0.000000 3166.842529 0.000000 0.000000 0.000000 1.000000 1.600635 1.600635 1.600635
4831.582520 0.000000 3404.824463 0.000000 0.000000 0.000000 1.000000 1.000000 1.000000 1.000000
4954.770996 0.000000 3449.033203 0.000000 0.000000 0.000000 1.000000 1.000000 1.000000 1.000000
5071.733398 0.000000 3451.946289 0.000000 0.000000 0.000000 1.000000 1.000000 1.000000 1.000000
5817.958496 0.000000 3425.153564 0.000000 0.000000 0.000000 1.000000 1.000000 1.000000 1.000000
6102.660156 0.000000 3651.695312 0.000000 0.000000 0.000000 1.000000 1.000000 1.000000 1.000000
6140.701172 0.000000 1074.055420 0.000000 0.000000 0.000000 1.000000 1.000000 1.000000 1.000000
6093.336426 0.000000 1171.513062 0.000000 0.000000 0.000000 1.000000 1.000000 1.000000 1.000000
6073.020020 0.000000 1264.348511 0.000000 0.000000 0.000000 1.000000 1.000000 1.000000 1.000000
6064.742188 0.000000 1344.650269 0.000000 0.000000 0.000000 1.000000 1.000000 1.000000 1.000000
6024.866211 0.000000 1430.152588 0.000000 0.000000 0.000000 1.000000 1.000000 1.000000 1.000000
6074.124023 0.000000 1485.878296 0.000000 0.000000 0.000000 1.000000 3.063232 3.063232 3.063232
5964.508789 0.000000 1431.750244 0.000000 0.000000 0.000000 1.000000 1.000000 1.000000 1.000000
5841.810059 0.000000 1316.145142 0.000000 0.000000 0.000000 1.000000 0.593762 0.593762 0.593762
5851.124512 0.000000 1258.243774 0.000000 0.000000 0.000000 1.000000 0.732153 0.732153 0.732153
5875.388672 0.000000 1204.208252 0.000000 0.000000 0.000000 1.000000 0.514282 0.514282 0.514282
5246.725586 0.000000 1007.027527 0.000000 0.000000 0.000000 1.000000 1.316821 1.316821 1.316821
5359.094238 0.000000 988.601807 0.000000 0.000000 0.000000 1.000000 0.407538 0.407538 0.407538
5344.531250 0.000000 944.394043 0.000000 0.000000 0.000000 1.000000 0.457458 0.457458 0.457458
2898.641113 0.000000 121.650093 0.000000 0.000000 0.000000 1.000000 4.067575 4.067575 4.067575
2700.636719 0.000000 118.591522 0.000000 0.000000 0.000000 1.000000 4.067575 4.067575 4.067575
2510.415527 0.000000 128.979279 0.000000 0.000000 0.000000 1.000000 4.067575 4.067575 4.067575
2326.315430 0.000000 137.290192 0.000000 0.000000 0.000000 1.000000 2.603565 2.603565 2.603565
2154.342773 0.000000 142.974228 0.000000 0.000000 0.000000 1.000000 2.603565 2.603565 2.603565
2017.503784 0.000000 154.235809 0.000000 0.000000 0.000000 1.000000 2.603565 2.603565 2.603565
1877.100464 0.000000 185.232758 0.000000 0.000000 0.000000 1.000000 2.603565 2.603565 2.603565
1768.888550 0.000000 101.690590 0.000000 0.000000 0.000000 1.000000 2.603565 2.603565 2.603565
1492.544678 0.000000 65.099266 0.000000 0.000000 0.000000 1.000000 0.788075 0.788075 0.788075
856.144531 0.000000 603.621826 0.000000 0.000000 0.000000 1.000000 0.274979 0.274979 0.274979
841.608337 0.000000 570.586182 0.000000 0.000000 0.000000 1.000000 0.443714 0.443714 0.443714
5843.829102 0.000000 2506.498779 0.000000 0.000000 0.000000 1.000000 2.872632 2.872632 2.872632
5951.733887 0.000000 2569.973145 0.000000 0.000000 0.000000 1.000000 2.918067 2.918067 2.918067
6093.823242 0.000000 2560.098145 0.000000 0.000000 0.000000 1.000000 3.948779 3.948779 3.948779
6260.731934 0.000000 2699.227295 0.000000 0.000000 0.000000 1.000000 6.633838 6.633838 6.633838
6495.341797 0.000000 2295.684326 0.000000 0.000000 0.000000 1.000000 4.178710 4.178710 4.178710
6327.373047 0.000000 3149.875488 0.000000 0.000000 0.000000 1.000000 1.534155 1.534155 1.534155
6325.858887 0.000000 3242.831787 0.000000 0.000000 0.000000 1.000000 1.615185 1.615185 1.615185
4681.729980 0.000000 2606.204102 0.000000 0.000000 0.000000 1.000000 1.166650 1.166650 1.166650
4899.223145 0.000000 2918.658203 0.000000 0.000000 0.000000 1.000000 1.000000 1.000000 1.000000
4794.894531 0.000000 2823.252441 0.000000 0.000000 0.000000 1.000000 1.459229 1.459229 1.459229
4716.460938 0.000000 2849.145752 0.000000 0.000000 0.000000 1.000000 1.464526 1.464526 1.464526
4659.264648 0.000000 2872.398193 0.000000 0.000000 0.000000 1.000000 1.396167 1.396167 1.396167
4602.474609 0.000000 2905.695068 0.000000 0.000000 0.000000 1.000000 1.370239 1.370239 1.370239
4451.886230 0.000000 3001.057617 0.000000 0.000000 0.000000 1.000000 1.897241 1.897241 1.897241
4315.296875 0.000000 2947.663330 0.000000 0.000000 0.000000 1.000000 1.242920 1.242920 1.242920
4214.666992 0.000000 2991.323242 0.000000 0.000000 0.000000 1.000000 1.346289 1.346289 1.346289
4233.651855 0.000000 3034.521240 0.000000 0.000000 0.000000 1.000000 1.060840 1.060840 1.060840
4207.695801 0.000000 2786.155029 0.000000 0.000000 0.000000 1.000000 1.728418 1.728418 1.728418
4129.923828 0.000000 2788.139893 0.000000 0.000000 0.000000 1.000000 1.416357 1.416357 1.416357
4060.210938 0.000000 2770.271240 0.000000 0.000000 0.000000 1.000000 1.374268 1.374268 1.374268
3896.086182 0.000000 2689.438477 0.000000 0.000000 0.000000 1.000000 1.335938 1.335938 1.335938
3789.792236 0.000000 2687.219727 0.000000 0.000000 0.000000 1.000000 1.157056 1.157056 1.157056
3694.904297 0.000000 2699.454834 0.000000 0.000000 0.000000 1.000000 1.000000 1.000000 1.000000
3619.990723 0.000000 2690.754639 0.000000 0.000000 0.000000 1.000000 1.000000 1.000000 1.000000
3313.828369 0.000000 2353.437744 0.000000 0.000000 0.000000 1.000000 1.921509 1.921509 1.921509
3206.026367 0.000000 2368.157471 0.000000 0.000000 0.000000 1.000000 2.267358 2.267358 2.267358
4590.911621 0.000000 3173.989014 0.000000 0.000000 0.000000 1.000000 1.346802 1.346802 1.346802
4663.714844 0.000000 3162.239502 0.000000 0.000000 0.000000 1.000000 1.084546 1.084546 1.084546
"}
object={
	name="env_snow_mountains"
	clamp_to_water_level=yes
	render_under_water=no
	generated_content=no
	layer="env_effect_mountains_layer"
	entity="env_snow_mountains"
	count=287
	transform="423.111237 1.298828 3877.760498 0.000000 0.000000 0.000000 1.000000 1.000000 1.000000 1.000000
387.805328 0.000000 3855.417725 0.000000 0.000000 0.000000 1.000000 1.000000 1.000000 1.000000
344.554749 5.117920 3872.514160 0.000000 0.000000 0.000000 1.000000 1.000000 1.000000 1.000000
1463.434326 0.000000 3343.956299 0.000000 0.000000 0.000000 1.000000 1.000000 1.000000 1.000000
1460.485107 0.000000 3393.167969 0.000000 0.000000 0.000000 1.000000 1.000000 1.000000 1.000000
1494.390625 0.579102 3427.036377 0.000000 0.000000 0.000000 1.000000 1.000000 1.000000 1.000000
1532.343384 0.000000 3466.101074 0.000000 0.000000 0.000000 1.000000 1.000000 1.000000 1.000000
1502.461304 0.000000 3507.908936 0.000000 0.000000 0.000000 1.000000 1.000000 1.000000 1.000000
1421.408691 -2.034424 3447.551514 0.000000 0.000000 0.000000 1.000000 0.549879 0.549879 0.549879
1657.896606 0.000000 3513.844482 0.000000 0.000000 0.000000 1.000000 1.000000 1.000000 1.000000
1670.635864 0.000000 3479.249023 0.000000 0.000000 0.000000 1.000000 0.716406 0.716406 0.716406
1701.415771 1.303711 3504.849609 0.000000 0.000000 0.000000 1.000000 0.640674 0.640674 0.640674
1666.953857 0.000000 3575.765869 0.000000 0.000000 0.000000 1.000000 0.420435 0.420435 0.420435
1574.143433 0.000000 3564.350098 0.000000 0.000000 0.000000 1.000000 0.445281 0.445281 0.445281
1607.653931 0.000000 3507.716064 0.000000 0.000000 0.000000 1.000000 0.561987 0.561987 0.561987
1536.215698 0.000000 3547.919434 0.000000 0.000000 0.000000 1.000000 0.553491 0.553491 0.553491
1735.906372 0.000000 3673.617432 0.000000 0.000000 0.000000 1.000000 1.000000 1.000000 1.000000
1742.799561 0.000000 3728.994873 0.000000 0.000000 0.000000 1.000000 1.303711 1.303711 1.303711
1808.067261 0.000000 3762.829102 0.000000 0.000000 0.000000 1.000000 0.713184 0.713184 0.713184
1820.068604 0.000000 3819.696045 0.000000 0.000000 0.000000 1.000000 1.000000 1.000000 1.000000
1852.724609 0.000000 3813.276123 0.000000 0.000000 0.000000 1.000000 0.755225 0.755225 0.755225
1892.585449 0.000000 3868.753906 0.000000 0.000000 0.000000 1.000000 1.000000 1.000000 1.000000
1915.223755 0.000000 3912.613770 0.000000 0.000000 0.000000 1.000000 1.000000 1.000000 1.000000
1933.751343 0.758789 3943.053955 0.000000 0.000000 0.000000 1.000000 0.688883 0.688883 0.688883
2110.329346 0.000000 4000.892334 0.000000 0.000000 0.000000 1.000000 0.589235 0.589235 0.589235
2071.147949 1.435303 4004.445801 0.000000 0.000000 0.000000 1.000000 0.461432 0.461432 0.461432
2239.045654 0.000000 3921.663818 0.000000 0.000000 0.000000 1.000000 0.415137 0.415137 0.415137
2269.031494 0.000000 3903.985107 0.000000 0.000000 0.000000 1.000000 0.387738 0.387738 0.387738
1411.984741 0.000000 2708.378662 0.000000 0.000000 0.000000 1.000000 0.652586 0.652586 0.652586
1388.280762 1.646484 2688.868408 0.000000 0.000000 0.000000 1.000000 0.423999 0.423999 0.423999
1343.180664 1.218994 2611.616455 0.000000 0.000000 0.000000 1.000000 0.408545 0.408545 0.408545
1344.107300 0.000000 2524.278564 0.000000 0.000000 0.000000 1.000000 0.463647 0.463647 0.463647
1317.361206 2.181396 2475.553711 0.000000 0.000000 0.000000 1.000000 0.650464 0.650464 0.650464
1400.756348 0.832275 2509.939941 0.000000 0.000000 0.000000 1.000000 0.478882 0.478882 0.478882
1388.123779 0.000000 2459.476807 0.000000 0.000000 0.000000 1.000000 0.425046 0.425046 0.425046
1339.293823 0.686768 2419.236816 0.000000 0.000000 0.000000 1.000000 0.658350 0.658350 0.658350
1293.190186 0.000000 2371.727051 0.000000 0.000000 0.000000 1.000000 0.448878 0.448878 0.448878
1788.924927 -0.680908 2432.292725 0.000000 0.000000 0.000000 1.000000 0.366919 0.366919 0.366919
1611.089966 -0.935791 2393.111084 0.000000 0.000000 0.000000 1.000000 0.394219 0.394219 0.394219
1677.422363 -0.375244 2400.082764 0.000000 0.000000 0.000000 1.000000 0.394219 0.394219 0.394219
1777.107422 -0.744873 2342.544189 0.000000 0.000000 0.000000 1.000000 0.394219 0.394219 0.394219
1795.591187 -0.744873 2338.944092 0.000000 0.000000 0.000000 1.000000 0.394219 0.394219 0.394219
1687.936279 0.000000 2339.083252 0.000000 0.000000 0.000000 1.000000 0.823218 0.823218 0.823218
1612.031494 0.358643 2335.155518 0.000000 0.000000 0.000000 1.000000 1.000000 1.000000 1.000000
1657.518188 0.000000 2339.992920 0.000000 0.000000 0.000000 1.000000 0.708361 0.708361 0.708361
1517.812256 3.621582 2349.520752 0.000000 0.000000 0.000000 1.000000 1.000000 1.000000 1.000000
1487.120972 0.000000 2326.065674 0.000000 0.000000 0.000000 1.000000 0.639355 0.639355 0.639355
1702.495850 -1.615356 2037.928833 0.000000 0.000000 0.000000 1.000000 0.570837 0.570837 0.570837
1744.588745 -1.685913 1986.523682 0.000000 0.000000 0.000000 1.000000 0.340351 0.340351 0.340351
1821.668579 0.000000 1904.760986 0.000000 0.000000 0.000000 1.000000 0.343614 0.343614 0.343614
1550.123169 2.139160 2162.733154 0.000000 -0.297840 0.000000 0.954616 0.375609 0.375609 0.375609
1443.854858 -0.790771 2202.062500 0.000000 -0.292183 0.000000 0.956362 0.256374 0.256374 0.256374
1474.778076 -0.790771 2196.390381 0.000000 -0.292183 0.000000 0.956362 0.453806 0.453806 0.453806
1410.615601 1.370850 2339.088867 0.000000 0.000000 0.000000 1.000000 1.000000 1.000000 1.000000
1374.350830 0.000000 2319.366943 0.000000 0.000000 0.000000 1.000000 0.676709 0.676709 0.676709
1345.938965 -0.169434 2265.225098 0.000000 0.000000 0.000000 1.000000 0.387598 0.387598 0.387598
1333.659302 0.087402 2290.791016 0.000000 0.000000 0.000000 1.000000 0.387598 0.387598 0.387598
1329.390381 -0.643311 2322.978271 0.000000 0.000000 0.000000 1.000000 0.387598 0.387598 0.387598
1324.208984 2.065674 2209.790527 0.000000 0.000000 0.000000 1.000000 0.609570 0.609570 0.609570
1349.609985 0.000000 2172.695801 0.000000 0.000000 0.000000 1.000000 0.529541 0.529541 0.529541
1895.815308 0.948975 2132.705322 0.000000 -0.236611 0.000000 0.971604 0.284659 0.284659 0.284659
1887.436890 0.948975 2143.365967 0.000000 -0.101221 0.000000 0.994864 0.316528 0.316528 0.316528
1531.474121 0.000000 2766.816650 0.000000 0.000000 0.000000 1.000000 0.292334 0.292334 0.292334
1500.735352 0.915527 2670.412109 0.000000 0.000000 0.000000 1.000000 0.249822 0.249822 0.249822
1650.365723 -0.220703 2664.802002 0.000000 -0.228731 0.000000 0.973490 0.182014 0.182014 0.182014
1664.381714 0.603271 2668.624756 0.000000 -0.228731 0.000000 0.973490 0.210191 0.210191 0.210191
1703.059204 -0.231201 2684.874023 0.000000 -0.228731 0.000000 0.973490 0.182014 0.182014 0.182014
1716.183228 -0.231201 2686.088135 0.000000 -0.228731 0.000000 0.973490 0.182014 0.182014 0.182014
1815.600952 1.618652 2674.158203 0.000000 -0.228731 0.000000 0.973490 0.265508 0.265508 0.265508
2081.704834 0.101562 2522.792969 0.000000 -0.525328 0.000000 0.850900 0.265508 0.265508 0.265508
2064.724854 0.101562 2534.483643 0.000000 -0.525328 0.000000 0.850900 0.265508 0.265508 0.265508
2036.834351 0.101562 2533.730713 0.000000 -0.525328 0.000000 0.850900 0.265508 0.265508 0.265508
2002.494263 -0.338623 2529.698730 0.000000 -0.525328 0.000000 0.850900 0.265508 0.265508 0.265508
2042.877197 -0.338623 2558.186768 0.000000 -0.525328 0.000000 0.850900 0.265508 0.265508 0.265508
2018.984863 0.454345 2554.882324 0.000000 -0.525328 0.000000 0.850900 0.265508 0.265508 0.265508
2003.614624 0.727539 2577.849854 0.000000 -0.525328 0.000000 0.850900 0.265508 0.265508 0.265508
1969.579712 -0.405030 2541.567627 0.000000 -0.525328 0.000000 0.850900 0.265508 0.265508 0.265508
1958.802368 -0.405030 2565.818359 0.000000 -0.525328 0.000000 0.850900 0.265508 0.265508 0.265508
1923.557983 -0.405030 2530.961182 0.000000 -0.228731 0.000000 0.973490 0.265508 0.265508 0.265508
1908.811890 0.432861 2633.976318 0.000000 -0.228731 0.000000 0.973490 0.265508 0.265508 0.265508
1880.467896 1.353271 2639.941406 0.000000 -0.228731 0.000000 0.973490 0.265508 0.265508 0.265508
1832.175781 2.047607 2599.050293 0.000000 -0.228731 0.000000 0.973490 0.265508 0.265508 0.265508
1787.405762 -0.104248 2564.179688 0.000000 -0.228731 0.000000 0.973490 0.265508 0.265508 0.265508
1760.354126 0.350342 2507.945557 0.000000 -0.228731 0.000000 0.973490 0.265508 0.265508 0.265508
1712.490234 1.057129 2528.400879 0.000000 -0.228731 0.000000 0.973490 0.265508 0.265508 0.265508
1695.446289 1.057129 2537.423340 0.000000 -0.228731 0.000000 0.973490 0.265508 0.265508 0.265508
1644.612061 1.057129 2582.765869 0.000000 -0.228731 0.000000 0.973490 0.328506 0.328506 0.328506
1616.214966 1.057129 2626.553711 0.000000 -0.228731 0.000000 0.973490 0.328506 0.328506 0.328506
1564.062988 1.057129 2655.901611 0.000000 0.000000 0.000000 1.000000 0.328506 0.328506 0.328506
1068.942383 0.000000 2064.659668 0.000000 0.000000 0.000000 1.000000 0.567871 0.567871 0.567871
984.203247 0.000000 2082.708740 0.000000 0.000000 0.000000 1.000000 0.721729 0.721729 0.721729
943.838501 -0.761963 2107.500488 0.000000 0.000000 0.000000 1.000000 0.623917 0.623917 0.623917
908.972595 -1.760742 2114.799316 0.000000 0.000000 0.000000 1.000000 0.485645 0.485645 0.485645
877.574646 0.000000 2121.433838 0.000000 0.000000 0.000000 1.000000 0.391145 0.391145 0.391145
753.688721 0.000000 1981.733643 0.000000 0.000000 0.000000 1.000000 0.376125 0.376125 0.376125
807.291870 0.000000 2047.906494 0.000000 0.000000 0.000000 1.000000 0.376125 0.376125 0.376125
654.766235 0.000000 1931.887451 0.000000 0.000000 0.000000 1.000000 0.576605 0.576605 0.576605
688.386841 0.000000 1943.433228 0.000000 0.000000 0.000000 1.000000 0.576605 0.576605 0.576605
719.178772 0.000000 1965.739502 0.000000 0.000000 0.000000 1.000000 0.576605 0.576605 0.576605
583.235352 0.000000 1939.090210 0.000000 0.000000 0.000000 1.000000 0.567292 0.567292 0.567292
526.742493 0.000000 1935.748657 0.000000 0.000000 0.000000 1.000000 0.443091 0.443091 0.443091
621.572693 0.000000 2134.897949 0.000000 0.000000 0.000000 1.000000 0.340548 0.340548 0.340548
578.333374 -1.607666 2114.332031 0.000000 0.000000 0.000000 1.000000 0.368213 0.368213 0.368213
596.925171 -0.268555 2135.488037 0.000000 0.000000 0.000000 1.000000 0.362500 0.362500 0.362500
2217.422363 -0.939575 1791.980835 0.000000 -0.381951 0.000000 0.924182 0.287561 0.287561 0.287561
2205.029297 -0.939575 1806.639038 0.000000 -0.381951 0.000000 0.924182 0.287561 0.287561 0.287561
2125.221680 -0.939575 1865.812378 0.000000 -0.381951 0.000000 0.924182 0.287561 0.287561 0.287561
2107.388916 -0.939575 1857.372314 0.000000 0.031001 0.000000 0.999519 0.287561 0.287561 0.287561
2096.169189 -0.939575 1872.979492 0.000000 0.031001 0.000000 0.999519 0.287561 0.287561 0.287561
2315.442627 -0.022705 2001.173950 0.000000 0.122101 0.000000 0.992518 0.287561 0.287561 0.287561
2345.084961 -0.956421 1976.206909 0.000000 0.230365 0.000000 0.973104 0.287561 0.287561 0.287561
2226.399902 -0.956421 1950.155518 0.000000 0.230365 0.000000 0.973104 0.287561 0.287561 0.287561
2204.634766 -0.380371 1933.840332 0.000000 0.000000 0.000000 1.000000 0.287561 0.287561 0.287561
2145.758301 -0.380371 2011.627930 0.000000 0.000000 0.000000 1.000000 0.287561 0.287561 0.287561
2136.469971 -1.619019 1993.558960 0.000000 0.000000 0.000000 1.000000 0.287561 0.287561 0.287561
2088.376709 -1.619019 2035.597290 0.000000 0.000000 0.000000 1.000000 0.287561 0.287561 0.287561
2389.973145 -0.981445 2069.479736 0.000000 -0.478434 0.000000 0.878123 0.293530 0.293530 0.293530
2357.711670 -0.981445 2071.608887 0.000000 -0.478434 0.000000 0.878123 0.293530 0.293530 0.293530
2334.117920 -0.981445 2071.758789 0.000000 -0.478434 0.000000 0.878123 0.293530 0.293530 0.293530
2217.579834 0.416260 2245.550049 0.000000 0.000000 0.000000 1.000000 0.491748 0.491748 0.491748
2415.823242 0.000000 2290.581055 0.000000 0.000000 0.000000 1.000000 0.373841 0.373841 0.373841
2327.724609 0.000000 2275.906006 0.000000 0.000000 0.000000 1.000000 0.413428 0.413428 0.413428
2272.887207 0.000000 2271.568359 0.000000 0.000000 0.000000 1.000000 0.413428 0.413428 0.413428
2210.558594 -0.804932 2341.920410 0.000000 -0.253520 0.000000 0.967330 0.312969 0.312969 0.312969
2211.981201 -0.804932 2360.864014 0.000000 -0.253520 0.000000 0.967330 0.312969 0.312969 0.312969
2204.208984 -1.614258 2384.384766 0.000000 -0.253520 0.000000 0.967330 0.312969 0.312969 0.312969
2221.493164 -0.479492 2508.127686 0.000000 -0.468893 0.000000 0.883255 0.314180 0.314180 0.314180
2176.301514 -0.382813 2551.284668 0.000000 -0.583240 0.000000 0.812300 0.418444 0.418444 0.418444
2221.979736 -0.763184 2536.635498 0.000000 -0.253520 0.000000 0.967330 0.418444 0.418444 0.418444
2270.431396 -1.370605 2498.268311 0.000000 -0.253520 0.000000 0.967330 0.418444 0.418444 0.418444
2283.101807 -0.108887 2479.042236 0.000000 -0.253520 0.000000 0.967330 0.312969 0.312969 0.312969
2305.886230 -1.401123 2456.597412 0.000000 -0.253520 0.000000 0.967330 0.312969 0.312969 0.312969
2263.380859 -1.547607 2434.138916 0.000000 -0.253520 0.000000 0.967330 0.312969 0.312969 0.312969
2354.490234 0.000000 2400.421875 0.000000 -0.253520 0.000000 0.967330 0.312969 0.312969 0.312969
2390.451172 0.000000 2360.914795 0.000000 0.000000 0.000000 1.000000 0.312969 0.312969 0.312969
2397.079346 0.000000 2337.305664 0.000000 0.000000 0.000000 1.000000 0.312969 0.312969 0.312969
2754.281250 -0.244873 1711.908081 0.000000 -0.170850 0.000000 0.985297 0.198864 0.198864 0.198864
3043.704590 -0.812500 1782.571045 0.000000 -0.256884 0.000000 0.966442 0.242041 0.242041 0.242041
3063.996826 -1.679932 1789.212158 0.000000 -0.256884 0.000000 0.966442 0.242041 0.242041 0.242041
2941.779785 0.625366 1808.078491 0.000000 -0.256884 0.000000 0.966442 0.242041 0.242041 0.242041
2925.880615 0.099976 1757.646973 0.000000 -0.256884 0.000000 0.966442 0.242041 0.242041 0.242041
2885.091797 -0.625366 1717.989868 0.000000 -0.256884 0.000000 0.966442 0.242041 0.242041 0.242041
2869.705811 0.000000 1701.371582 0.000000 -0.256884 0.000000 0.966442 0.242041 0.242041 0.242041
2780.677246 0.000000 1687.613525 0.000000 -0.256884 0.000000 0.966442 0.288723 0.288723 0.288723
3378.909668 3.609131 1904.701660 0.000000 0.000000 0.000000 1.000000 0.646680 0.646680 0.646680
3420.685791 0.000000 1955.759766 0.000000 0.000000 0.000000 1.000000 0.261108 0.261108 0.261108
3335.427246 0.000000 1984.893066 0.000000 0.000000 0.000000 1.000000 0.198980 0.198980 0.198980
3346.600342 0.000000 1936.304932 0.000000 0.000000 0.000000 1.000000 0.198980 0.198980 0.198980
3625.333740 0.000000 1787.654419 0.000000 0.000000 0.000000 1.000000 0.217908 0.217908 0.217908
3515.066406 0.000000 2052.435547 0.000000 0.000000 0.000000 1.000000 0.305160 0.305160 0.305160
3147.513428 -0.298828 2187.656982 0.000000 0.000000 0.000000 1.000000 0.363397 0.363397 0.363397
3178.361816 -2.193115 2178.195068 0.000000 0.000000 0.000000 1.000000 0.363397 0.363397 0.363397
3212.073242 0.128174 2170.021484 0.000000 0.000000 0.000000 1.000000 0.363397 0.363397 0.363397
3249.973145 0.128174 2170.367188 0.000000 0.000000 0.000000 1.000000 0.363397 0.363397 0.363397
3275.281982 -1.049072 2157.992920 0.000000 0.000000 0.000000 1.000000 0.363397 0.363397 0.363397
3338.446777 0.000000 2132.773926 0.000000 0.000000 0.000000 1.000000 0.456811 0.456811 0.456811
3379.446289 0.000000 2128.840576 0.000000 0.000000 0.000000 1.000000 0.456811 0.456811 0.456811
3415.243896 0.000000 2113.856445 0.000000 0.000000 0.000000 1.000000 0.456811 0.456811 0.456811
3457.010986 0.000000 2094.002197 0.000000 0.000000 0.000000 1.000000 0.456811 0.456811 0.456811
3484.590332 0.000000 2071.956055 0.000000 0.000000 0.000000 1.000000 0.456811 0.456811 0.456811
3914.639893 0.690674 2902.020752 0.000000 0.000000 0.000000 1.000000 1.000000 1.000000 1.000000
3961.624268 0.000000 2928.792969 0.000000 0.000000 0.000000 1.000000 0.815552 0.815552 0.815552
3984.239258 0.000000 2864.116211 0.000000 0.000000 0.000000 1.000000 0.588525 0.588525 0.588525
4032.625244 0.000000 2971.418945 0.000000 0.000000 0.000000 1.000000 0.405396 0.405396 0.405396
3991.785156 1.763672 2952.886475 0.000000 0.000000 0.000000 1.000000 0.510840 0.510840 0.510840
3801.188477 0.000000 3291.912109 0.000000 0.000000 0.000000 1.000000 1.000000 1.000000 1.000000
3772.908203 0.000000 3345.809570 0.000000 0.000000 0.000000 1.000000 1.000000 1.000000 1.000000
3769.545410 0.000000 3406.502441 0.000000 0.000000 0.000000 1.000000 1.000000 1.000000 1.000000
3735.724365 0.000000 3479.809814 0.000000 0.000000 0.000000 1.000000 1.000000 1.000000 1.000000
6229.968262 0.000000 1588.411621 0.000000 0.000000 0.000000 1.000000 1.000000 1.000000 1.000000
6282.186035 0.000000 1673.441650 0.000000 0.000000 0.000000 1.000000 1.000000 1.000000 1.000000
6291.220703 0.000000 1755.903564 0.000000 0.000000 0.000000 1.000000 1.000000 1.000000 1.000000
6342.386719 0.000000 1812.185547 0.000000 0.000000 0.000000 1.000000 1.000000 1.000000 1.000000
6329.124512 0.000000 1886.405029 0.000000 0.000000 0.000000 1.000000 1.000000 1.000000 1.000000
6331.548828 0.000000 1991.563477 0.000000 0.000000 0.000000 1.000000 1.000000 1.000000 1.000000
6275.926758 0.000000 2054.601807 0.000000 0.000000 0.000000 1.000000 1.000000 1.000000 1.000000
6345.601074 0.000000 2086.508057 0.000000 0.000000 0.000000 1.000000 1.000000 1.000000 1.000000
6346.681152 0.000000 2151.875977 0.000000 0.000000 0.000000 1.000000 1.000000 1.000000 1.000000
6303.504395 0.000000 2973.974121 0.000000 0.000000 0.000000 1.000000 1.000000 1.000000 1.000000
6315.227539 0.000000 3060.052490 0.000000 0.000000 0.000000 1.000000 1.000000 1.000000 1.000000
6244.536133 0.000000 3428.546875 0.000000 0.000000 0.000000 1.000000 1.000000 1.000000 1.000000
6289.315918 0.000000 3482.759277 0.000000 0.000000 0.000000 1.000000 1.000000 1.000000 1.000000
3020.737061 0.000000 497.794769 0.000000 0.000000 0.000000 1.000000 0.479129 0.479129 0.479129
3093.615234 -0.888306 532.585449 0.000000 0.000000 0.000000 1.000000 0.194275 0.194275 0.194275
3139.242676 -1.944580 525.224915 0.000000 0.000000 0.000000 1.000000 0.379077 0.379077 0.379077
3179.531006 0.000000 549.843750 0.000000 0.000000 0.000000 1.000000 0.134344 0.134344 0.134344
3224.182373 0.000000 512.004517 0.000000 0.000000 0.000000 1.000000 0.254348 0.254348 0.254348
3198.471680 0.000000 509.135559 0.000000 0.000000 0.000000 1.000000 0.204697 0.204697 0.204697
3195.759033 0.476410 456.322296 0.000000 0.000000 0.000000 1.000000 0.364505 0.364505 0.364505
3120.230225 0.000000 405.857574 0.000000 0.000000 0.000000 1.000000 0.220538 0.220538 0.220538
3211.380859 0.236908 390.546570 0.000000 0.000000 0.000000 1.000000 0.361856 0.361856 0.361856
3214.430420 0.000000 242.054749 0.000000 0.000000 0.000000 1.000000 0.565498 0.565498 0.565498
3271.278076 0.000000 335.701965 0.000000 0.000000 0.000000 1.000000 0.238678 0.238678 0.238678
3228.649902 -0.346191 307.429871 0.000000 0.000000 0.000000 1.000000 0.264175 0.264175 0.264175
610.990845 -0.927567 216.487747 0.000000 0.000000 0.000000 1.000000 0.394339 0.394339 0.394339
5206.937500 0.000000 3218.733887 0.000000 0.000000 0.000000 1.000000 0.670166 0.670166 0.670166
5222.878418 0.000000 3273.759033 0.000000 0.000000 0.000000 1.000000 0.670166 0.670166 0.670166
5187.186035 0.000000 3109.376221 0.000000 0.000000 0.000000 1.000000 0.673169 0.673169 0.673169
5213.260742 0.000000 3028.749756 0.000000 0.000000 0.000000 1.000000 0.607861 0.607861 0.607861
5196.399902 0.000000 2950.732910 0.000000 0.000000 0.000000 1.000000 1.000000 1.000000 1.000000
5247.526855 0.000000 2901.031738 0.000000 0.000000 0.000000 1.000000 1.000000 1.000000 1.000000
5312.569824 0.000000 2867.509521 0.000000 0.000000 0.000000 1.000000 0.498779 0.498779 0.498779
5354.087402 0.000000 2842.126953 0.000000 0.000000 0.000000 1.000000 0.364624 0.364624 0.364624
5744.229004 0.000000 3074.629639 0.000000 0.000000 0.000000 1.000000 0.328975 0.328975 0.328975
5773.377441 0.000000 3062.317871 0.000000 0.000000 0.000000 1.000000 0.322314 0.322314 0.322314
5745.958984 2.251221 3006.525635 0.000000 0.000000 0.000000 1.000000 0.535059 0.535059 0.535059
5672.555664 -1.574707 2941.576172 0.000000 0.000000 0.000000 1.000000 0.455573 0.455573 0.455573
5702.687012 0.000000 2925.175293 0.000000 0.000000 0.000000 1.000000 0.254776 0.254776 0.254776
6016.883789 0.000000 2176.690918 0.000000 0.000000 0.000000 1.000000 0.409692 0.409692 0.409692
5918.271973 0.000000 2215.833252 0.000000 0.000000 0.000000 1.000000 0.492432 0.492432 0.492432
6177.917969 0.000000 2148.322998 0.000000 0.000000 0.000000 1.000000 0.214453 0.214453 0.214453
6134.369141 0.000000 2161.072510 0.000000 0.000000 0.000000 1.000000 0.214453 0.214453 0.214453
5962.111328 0.000000 2222.994873 0.000000 0.000000 0.000000 1.000000 0.214453 0.214453 0.214453
5995.324219 0.000000 2215.840576 0.000000 0.000000 0.000000 1.000000 0.214453 0.214453 0.214453
5810.300293 0.000000 2785.060791 0.000000 0.000000 0.000000 1.000000 1.000000 1.000000 1.000000
5873.635742 0.000000 2798.610352 0.000000 0.000000 0.000000 1.000000 0.816870 0.816870 0.816870
5944.747559 0.000000 2780.702393 0.000000 0.000000 0.000000 1.000000 0.671216 0.671216 0.671216
5132.116699 0.000000 2875.269775 0.000000 0.000000 0.000000 1.000000 0.673486 0.673486 0.673486
5178.066406 0.000000 2838.005615 0.000000 0.000000 0.000000 1.000000 0.611768 0.611768 0.611768
5270.221191 -0.501221 2804.377197 0.000000 0.000000 0.000000 1.000000 0.522168 0.522168 0.522168
5325.951172 -0.460205 2785.125488 0.000000 0.000000 0.000000 1.000000 0.442895 0.442895 0.442895
5383.665039 -1.241699 2775.740723 0.000000 0.000000 0.000000 1.000000 0.629028 0.629028 0.629028
5484.589355 0.000000 2713.965576 0.000000 0.000000 0.000000 1.000000 0.756421 0.756421 0.756421
5539.746094 0.000000 2698.543457 0.000000 0.000000 0.000000 1.000000 1.000000 1.000000 1.000000
5607.971680 0.000000 2678.171387 0.000000 0.000000 0.000000 1.000000 1.000000 1.000000 1.000000
5438.511719 0.288818 2366.384277 0.000000 -0.243558 0.000000 0.969886 0.343945 0.343945 0.343945
5443.252930 0.288818 2468.060059 0.000000 0.000000 0.000000 1.000000 0.343945 0.343945 0.343945
5518.707031 -1.208740 2474.845947 0.000000 0.000000 0.000000 1.000000 0.343945 0.343945 0.343945
5702.482422 -1.641113 2494.747559 0.000000 0.000000 0.000000 1.000000 0.343945 0.343945 0.343945
5670.783203 -1.641113 2525.736328 0.000000 0.000000 0.000000 1.000000 0.343945 0.343945 0.343945
5712.789062 -1.641113 2609.385498 0.000000 0.000000 0.000000 1.000000 0.343945 0.343945 0.343945
5807.332520 0.000000 2659.813965 0.000000 0.000000 0.000000 1.000000 0.343945 0.343945 0.343945
5759.952148 0.000000 2674.253906 0.000000 0.000000 0.000000 1.000000 0.343945 0.343945 0.343945
5236.880371 0.000000 2643.707031 0.000000 -0.237456 0.000000 0.971398 0.470239 0.470239 0.470239
5253.837891 -1.073730 2432.535645 0.000000 -0.271512 0.000000 0.962435 0.408945 0.408945 0.408945
5183.616699 -2.135010 2437.971436 0.000000 -0.271512 0.000000 0.962435 0.408945 0.408945 0.408945
5181.954590 -2.697266 2515.076660 0.000000 -0.271512 0.000000 0.962435 0.527688 0.527688 0.527688
5229.797363 -1.504150 2503.917480 0.000000 -0.271512 0.000000 0.962435 0.527688 0.527688 0.527688
5259.627441 -2.535889 2561.369873 0.000000 -0.271512 0.000000 0.962435 0.390245 0.390245 0.390245
5125.828125 -2.535889 2611.712891 0.000000 -0.271512 0.000000 0.962435 0.390245 0.390245 0.390245
5198.866211 0.000000 2604.264893 0.000000 -0.271512 0.000000 0.962435 0.478418 0.478418 0.478418
5374.685547 0.000000 2407.226562 0.000000 0.000000 0.000000 1.000000 1.000000 1.000000 1.000000
5319.540527 -0.839600 2396.573486 0.000000 0.000000 0.000000 1.000000 1.000000 1.000000 1.000000
5272.478516 0.000000 2365.498047 0.000000 0.000000 0.000000 1.000000 1.000000 1.000000 1.000000
5114.735352 -0.261475 2328.911621 0.000000 0.000000 0.000000 1.000000 1.000000 1.000000 1.000000
5220.516113 -1.476563 2341.693848 0.000000 0.000000 0.000000 1.000000 0.530347 0.530347 0.530347
5041.876465 -0.672363 2319.545898 0.000000 0.000000 0.000000 1.000000 1.000000 1.000000 1.000000
4981.718750 0.000000 2286.956787 0.000000 0.000000 0.000000 1.000000 1.000000 1.000000 1.000000
4934.430664 0.000000 2251.110596 0.000000 0.000000 0.000000 1.000000 1.000000 1.000000 1.000000
4896.851074 0.000000 2190.204834 0.000000 0.000000 0.000000 1.000000 1.000000 1.000000 1.000000
4845.916016 -3.019287 2167.230713 0.000000 0.000000 0.000000 1.000000 1.000000 1.000000 1.000000
4630.304688 2.282227 2215.033691 0.000000 0.000000 0.000000 1.000000 0.370160 0.370160 0.370160
4568.288574 -0.460205 2198.004150 0.000000 0.000000 0.000000 1.000000 0.526139 0.526139 0.526139
4723.681641 -0.460205 2147.122559 0.000000 0.000000 0.000000 1.000000 0.396436 0.396436 0.396436
4742.791992 -1.383789 2110.672852 0.000000 0.000000 0.000000 1.000000 0.396436 0.396436 0.396436
4802.338867 -1.383789 2138.665527 0.000000 0.000000 0.000000 1.000000 0.396436 0.396436 0.396436
4642.221191 0.026855 2056.686523 0.000000 0.000000 0.000000 1.000000 1.526147 1.526147 1.526147
4544.282227 0.000000 2040.898071 0.000000 0.000000 0.000000 1.000000 0.582678 0.582678 0.582678
4500.916992 0.000000 2021.978149 0.000000 0.000000 0.000000 1.000000 0.563517 0.563517 0.563517
4438.114258 0.000000 1997.404419 0.000000 0.000000 0.000000 1.000000 0.417090 0.417090 0.417090
4591.347656 0.000000 1971.537476 0.000000 0.000000 0.000000 1.000000 0.428638 0.428638 0.428638
4673.117188 0.000000 1978.177490 0.000000 0.000000 0.000000 1.000000 0.308167 0.308167 0.308167
4756.826172 1.441895 2000.172119 0.000000 0.000000 0.000000 1.000000 0.728948 0.728948 0.728948
4727.532715 0.000000 1962.047729 0.000000 0.000000 0.000000 1.000000 0.449463 0.449463 0.449463
4664.487793 -1.039795 1934.170898 0.000000 0.000000 0.000000 1.000000 0.357227 0.357227 0.357227
4670.376465 -1.639893 1812.484253 0.000000 0.000000 0.000000 1.000000 0.592676 0.592676 0.592676
4751.665039 0.000000 1865.051514 0.000000 0.000000 0.000000 1.000000 0.644043 0.644043 0.644043
4827.396484 0.000000 1921.122192 0.000000 0.000000 0.000000 1.000000 0.522656 0.522656 0.522656
4892.682617 0.000000 1889.107056 0.000000 0.000000 0.000000 1.000000 0.678333 0.678333 0.678333
4957.948730 0.000000 1869.847656 0.000000 0.000000 0.000000 1.000000 0.255151 0.255151 0.255151
4975.613281 0.000000 1839.437256 0.000000 0.000000 0.000000 1.000000 0.260144 0.260144 0.260144
4912.010742 -0.785400 1809.874878 0.000000 -0.423676 0.000000 0.905814 0.185803 0.185803 0.185803
4870.689453 -1.584717 1747.640503 0.000000 0.000000 0.000000 1.000000 0.380566 0.380566 0.380566
4978.273926 -1.427734 1723.539062 0.000000 0.000000 0.000000 1.000000 0.214539 0.214539 0.214539
5040.026367 0.000000 1752.176147 0.000000 0.000000 0.000000 1.000000 0.214539 0.214539 0.214539
5114.886719 0.000000 1607.481812 0.000000 0.000000 0.000000 1.000000 0.250256 0.250256 0.250256
5270.892090 0.000000 1568.646118 0.000000 0.000000 0.000000 1.000000 0.256897 0.256897 0.256897
5326.805664 -1.499878 1550.726929 0.000000 0.000000 0.000000 1.000000 0.315015 0.315015 0.315015
5521.736816 -0.783691 1516.952637 0.000000 0.000000 0.000000 1.000000 0.312683 0.312683 0.312683
5466.363281 0.000000 1516.355835 0.000000 0.000000 0.000000 1.000000 0.312683 0.312683 0.312683
5661.530762 -1.805664 1545.491455 0.000000 -0.454383 0.000000 0.890806 0.296139 0.296139 0.296139
5611.925293 -0.429810 1532.186279 0.000000 0.000000 0.000000 1.000000 0.482886 0.482886 0.482886
5781.996582 -0.991455 1545.710815 0.000000 0.000000 0.000000 1.000000 0.457837 0.457837 0.457837
5827.043945 0.000000 1590.584473 0.000000 0.000000 0.000000 1.000000 0.323364 0.323364 0.323364
5941.234375 0.000000 1636.019165 0.000000 0.000000 0.000000 1.000000 0.449707 0.449707 0.449707
5765.394531 0.910522 1683.273682 0.000000 0.000000 0.000000 1.000000 0.284912 0.284912 0.284912
5803.081055 0.000000 1717.931641 0.000000 0.000000 0.000000 1.000000 0.284314 0.284314 0.284314
"}
object={
	name="env_snow_plains"
	clamp_to_water_level=yes
	render_under_water=no
	generated_content=no
	layer="env_effect_layer"
	entity="env_snow_plains"
	count=2
	transform="2585.850342 -3.095947 3754.724365 0.000000 0.000000 0.000000 1.000000 1.000000 1.000000 1.000000
2603.244873 0.000000 3941.772461 0.000000 0.000000 0.000000 1.000000 1.000000 1.000000 1.000000
"}
object={
	name="env_snow_plains_ambient"
	clamp_to_water_level=yes
	render_under_water=no
	generated_content=no
	layer="env_effect_layer"
	entity="env_snow_plains_ambient"
	count=41
	transform="2673.284668 -0.325439 3779.354736 0.000000 0.000000 0.000000 1.000000 1.000000 1.000000 1.000000
2747.373535 0.000000 3739.692139 0.000000 0.000000 0.000000 1.000000 1.000000 1.000000 1.000000
2854.227051 -1.495361 3677.693848 0.000000 0.000000 0.000000 1.000000 1.000000 1.000000 1.000000
2653.296143 -2.859131 3866.798096 0.000000 0.000000 0.000000 1.000000 1.000000 1.000000 1.000000
2930.498779 0.000000 3592.507812 0.000000 0.000000 0.000000 1.000000 1.000000 1.000000 1.000000
2985.886475 0.000000 3416.119141 0.000000 0.000000 0.000000 1.000000 1.000000 1.000000 1.000000
3104.511230 -1.886475 3314.667480 0.000000 0.000000 0.000000 1.000000 1.000000 1.000000 1.000000
3219.811768 0.000000 3370.435791 0.000000 0.000000 0.000000 1.000000 1.000000 1.000000 1.000000
3277.400146 0.000000 3428.197998 0.000000 0.000000 0.000000 1.000000 1.000000 1.000000 1.000000
3418.455078 0.000000 3489.718262 0.000000 0.000000 0.000000 1.000000 1.000000 1.000000 1.000000
3545.254639 0.000000 3491.875732 0.000000 0.000000 0.000000 1.000000 1.000000 1.000000 1.000000
3609.775635 0.000000 3519.306641 0.000000 0.000000 0.000000 1.000000 1.000000 1.000000 1.000000
3852.097656 0.000000 3505.894775 0.000000 0.000000 0.000000 1.000000 1.000000 1.000000 1.000000
4333.751465 -1.473389 3520.120117 0.000000 0.000000 0.000000 1.000000 1.000000 1.000000 1.000000
4361.722656 0.000000 3426.820312 0.000000 0.000000 0.000000 1.000000 1.000000 1.000000 1.000000
4461.782227 0.000000 3361.066650 0.000000 0.000000 0.000000 1.000000 1.000000 1.000000 1.000000
4571.643555 0.000000 3369.905273 0.000000 0.000000 0.000000 1.000000 1.000000 1.000000 1.000000
4447.881836 0.000000 3488.067871 0.000000 0.000000 0.000000 1.000000 1.000000 1.000000 1.000000
4519.472168 0.000000 3427.984619 0.000000 0.000000 0.000000 1.000000 1.000000 1.000000 1.000000
4658.865723 0.000000 3333.529297 0.000000 0.000000 0.000000 1.000000 1.000000 1.000000 1.000000
4635.094727 0.000000 3440.638916 0.000000 0.000000 0.000000 1.000000 1.000000 1.000000 1.000000
4749.487305 0.000000 3379.957764 0.000000 0.000000 0.000000 1.000000 1.000000 1.000000 1.000000
4885.259277 0.000000 3498.095947 0.000000 0.000000 0.000000 1.000000 1.000000 1.000000 1.000000
5010.400391 0.000000 3515.083740 0.000000 0.000000 0.000000 1.000000 1.000000 1.000000 1.000000
5201.500977 0.000000 3521.305176 0.000000 0.000000 0.000000 1.000000 1.000000 1.000000 1.000000
5302.044434 0.000000 3499.981445 0.000000 0.000000 0.000000 1.000000 1.000000 1.000000 1.000000
5429.820801 0.000000 3469.427490 0.000000 0.000000 0.000000 1.000000 1.000000 1.000000 1.000000
5562.281250 0.000000 3456.791504 0.000000 0.000000 0.000000 1.000000 1.000000 1.000000 1.000000
5716.646973 0.000000 3456.677002 0.000000 0.000000 0.000000 1.000000 1.000000 1.000000 1.000000
5808.836914 0.000000 3522.287598 0.000000 0.000000 0.000000 1.000000 1.000000 1.000000 1.000000
5884.629883 0.000000 3665.562500 0.000000 0.000000 0.000000 1.000000 1.000000 1.000000 1.000000
5969.932617 0.000000 3767.614258 0.000000 0.000000 0.000000 1.000000 1.000000 1.000000 1.000000
6107.879883 0.000000 3759.245117 0.000000 0.000000 0.000000 1.000000 1.000000 1.000000 1.000000
6164.384277 0.000000 3672.091309 0.000000 0.000000 0.000000 1.000000 1.000000 1.000000 1.000000
6264.890137 0.000000 3732.999756 0.000000 0.000000 0.000000 1.000000 1.000000 1.000000 1.000000
6340.957520 0.000000 3635.495361 0.000000 0.000000 0.000000 1.000000 1.000000 1.000000 1.000000
6317.767578 0.000000 3354.130371 0.000000 0.000000 0.000000 1.000000 1.000000 1.000000 1.000000
3064.282715 0.000000 3343.435303 0.000000 0.000000 0.000000 1.000000 1.000000 1.000000 1.000000
2976.094727 0.000000 3500.511963 0.000000 0.000000 0.000000 1.000000 1.000000 1.000000 1.000000
2815.877441 0.000000 3705.889404 0.000000 0.000000 0.000000 1.000000 1.000000 1.000000 1.000000
3356.922363 0.000000 3458.158203 0.000000 0.000000 0.000000 1.000000 1.000000 1.000000 1.000000
"}
object={
	name="waterfall"
	clamp_to_water_level=yes
	render_under_water=no
	generated_content=no
	layer="coast_foam_layer"
	entity="waterfall"
	count=0
}
object={
	name="waterfall_bottom"
	clamp_to_water_level=yes
	render_under_water=no
	generated_content=no
	layer="coast_foam_layer"
	entity="waterfall_bottom"
	count=0
}
