object={
	name="Alamut"
	clamp_to_water_level=no
	render_under_water=no
	generated_content=no
	layer="building_layer"
	pdxmesh="building_mena_castle_04_western_mesh"
	count=4
	transform="3632.703613 0.000000 1784.435913 0.000000 -0.375504 0.000000 0.926821 0.396121 0.396121 0.396121
3636.972412 0.000000 1777.085449 0.000000 0.000000 0.000000 1.000000 0.605664 0.605664 0.605664
3669.118164 0.233398 1742.769775 0.000000 0.286968 0.000000 0.957940 0.566895 0.566895 0.566895
3612.207520 -0.649414 1787.891602 0.000000 0.995480 0.000000 -0.094968 1.000000 1.000000 1.000000
"}
object={
	name="Birds"
	clamp_to_water_level=no
	render_under_water=no
	generated_content=no
	layer="test_object_layer"
	entity="seagull_port_entity"
	count=69
	transform="1458.897095 0.000000 2178.594971 0.000000 0.000000 0.000000 1.000000 0.859318 0.859318 0.859318
1526.779053 0.000000 2135.161621 0.000000 0.000000 0.000000 1.000000 1.000000 1.000000 1.000000
1587.683838 0.000000 2031.371948 0.000000 0.785679 0.000000 0.618634 1.000000 1.000000 1.000000
1858.880249 0.000000 1709.065308 0.000000 0.000000 0.000000 1.000000 1.000000 1.000000 1.000000
2094.720459 0.000000 1823.872803 0.000000 0.000000 0.000000 1.000000 1.000000 1.000000 1.000000
2111.476807 0.000000 1831.061157 0.000000 0.000000 0.000000 1.000000 1.000000 1.000000 1.000000
2147.814697 0.000000 1720.307983 0.000000 0.000000 0.000000 1.000000 1.000000 1.000000 1.000000
1301.093750 0.000000 2851.747559 0.000000 -0.751211 0.000000 0.660063 1.000000 1.000000 1.000000
1134.668213 0.000000 2749.162842 0.000000 -0.751211 0.000000 0.660063 1.000000 1.000000 1.000000
1035.991821 0.000000 2831.716797 0.000000 -0.751211 0.000000 0.660063 1.000000 1.000000 1.000000
1049.130859 0.000000 2873.116699 0.000000 -0.751211 0.000000 0.660063 1.000000 1.000000 1.000000
983.305420 0.000000 2922.528809 0.000000 -0.751211 0.000000 0.660063 1.000000 1.000000 1.000000
948.717407 0.000000 2993.103760 0.000000 -0.751211 0.000000 0.660063 1.000000 1.000000 1.000000
959.287231 0.000000 3013.571533 0.000000 -0.751211 0.000000 0.660063 1.000000 1.000000 1.000000
903.187744 0.000000 3078.158691 0.000000 -0.751211 0.000000 0.660063 1.000000 1.000000 1.000000
1387.155518 0.000000 3269.504639 0.000000 -0.751211 0.000000 0.660063 1.000000 1.000000 1.000000
2020.964600 0.000000 2986.386230 0.000000 -0.751211 0.000000 0.660063 1.000000 1.000000 1.000000
1715.064941 0.000000 2928.854492 0.000000 -0.751211 0.000000 0.660063 1.000000 1.000000 1.000000
1609.760742 0.000000 2862.303711 0.000000 -0.751211 0.000000 0.660063 1.000000 1.000000 1.000000
1489.568604 0.000000 2921.695312 0.000000 -0.751211 0.000000 0.660063 1.000000 1.000000 1.000000
1455.396973 0.000000 2966.174316 0.000000 -0.751211 0.000000 0.660063 1.000000 1.000000 1.000000
1283.344238 0.000000 2915.124512 0.000000 -0.751211 0.000000 0.660063 1.000000 1.000000 1.000000
1226.442017 0.000000 2829.373535 0.000000 -0.751211 0.000000 0.660063 1.000000 1.000000 1.000000
1170.006348 0.000000 2769.535156 0.000000 -0.751211 0.000000 0.660063 1.000000 1.000000 1.000000
1011.182739 0.000000 2782.204834 0.000000 -0.751211 0.000000 0.660063 1.000000 1.000000 1.000000
653.304871 0.000000 2702.360107 0.000000 -0.751211 0.000000 0.660063 1.000000 1.000000 1.000000
822.296143 0.000000 2610.255615 0.000000 -0.751211 0.000000 0.660063 1.000000 1.000000 1.000000
808.979980 0.000000 2626.733398 0.000000 -0.751211 0.000000 0.660063 1.000000 1.000000 1.000000
798.406006 0.000000 2629.154297 0.000000 -0.751211 0.000000 0.660063 1.000000 1.000000 1.000000
818.546204 0.000000 2651.005859 0.000000 -0.751211 0.000000 0.660063 1.000000 1.000000 1.000000
837.060242 0.000000 2646.851807 0.000000 -0.751211 0.000000 0.660063 1.000000 1.000000 1.000000
789.201965 0.000000 2475.761475 0.000000 -0.751211 0.000000 0.660063 1.000000 1.000000 1.000000
876.113220 0.000000 2294.057617 0.000000 -0.751211 0.000000 0.660063 1.000000 1.000000 1.000000
867.139099 0.000000 2150.457275 0.000000 -0.751211 0.000000 0.660063 1.000000 1.000000 1.000000
772.596008 0.000000 2136.214111 0.000000 -0.751211 0.000000 0.660063 1.000000 1.000000 1.000000
621.823425 0.000000 2149.526611 0.000000 -0.751211 0.000000 0.660063 1.000000 1.000000 1.000000
480.983826 0.000000 2144.663574 0.000000 -0.751211 0.000000 0.660063 1.000000 1.000000 1.000000
469.186188 0.000000 2006.848511 0.000000 -0.751211 0.000000 0.660063 1.000000 1.000000 1.000000
437.586121 0.000000 1839.156372 0.000000 0.000000 0.000000 1.000000 1.000000 1.000000 1.000000
472.856567 0.000000 1790.810303 0.000000 0.000000 0.000000 1.000000 1.000000 1.000000 1.000000
568.668518 0.000000 1720.506592 0.000000 0.000000 0.000000 1.000000 1.000000 1.000000 1.000000
655.122925 0.000000 1648.240967 0.000000 0.000000 0.000000 1.000000 1.000000 1.000000 1.000000
2431.919678 0.000000 1659.021240 0.000000 0.000000 0.000000 1.000000 1.000000 1.000000 1.000000
2401.616211 0.000000 1859.485352 0.000000 0.000000 0.000000 1.000000 1.000000 1.000000 1.000000
2594.549072 0.000000 1954.901245 0.000000 0.000000 0.000000 1.000000 1.000000 1.000000 1.000000
2597.109619 0.000000 1957.389282 0.000000 0.267497 0.000000 -0.963559 1.000000 1.000000 1.000000
2589.488525 0.000000 1951.157349 0.000000 0.000000 0.000000 1.000000 1.000000 1.000000 1.000000
2601.044678 0.000000 1982.390381 0.000000 0.000000 0.000000 1.000000 1.000000 1.000000 1.000000
2601.411621 0.000000 1984.668213 0.000000 0.000000 0.000000 1.000000 1.000000 1.000000 1.000000
2576.417725 0.000000 1959.063354 0.000000 0.000000 0.000000 1.000000 1.000000 1.000000 1.000000
2563.508057 0.000000 1941.979980 0.000000 0.000000 0.000000 1.000000 1.000000 1.000000 1.000000
2596.591553 0.000000 1923.202637 0.000000 0.000000 0.000000 1.000000 1.000000 1.000000 1.000000
2468.210938 0.000000 1891.380615 0.000000 0.000000 0.000000 1.000000 1.000000 1.000000 1.000000
2420.032959 0.000000 1528.231812 0.000000 0.000000 0.000000 1.000000 1.000000 1.000000 1.000000
2930.070557 0.000000 1390.384033 0.000000 0.000000 0.000000 1.000000 1.000000 1.000000 1.000000
2936.866211 0.000000 1404.454590 0.000000 0.000000 0.000000 1.000000 1.000000 1.000000 1.000000
2964.021484 0.000000 1502.000732 0.000000 0.000000 0.000000 1.000000 1.000000 1.000000 1.000000
2969.596436 0.000000 1511.492798 0.000000 0.000000 0.000000 1.000000 1.000000 1.000000 1.000000
2986.313477 0.000000 1576.122192 0.000000 0.000000 0.000000 1.000000 1.000000 1.000000 1.000000
2983.817627 0.000000 1683.237549 0.000000 0.000000 0.000000 1.000000 1.000000 1.000000 1.000000
2986.654541 0.000000 1712.127686 0.000000 0.000000 0.000000 1.000000 1.000000 1.000000 1.000000
2986.932617 0.000000 1598.519653 0.000000 0.000000 0.000000 1.000000 1.000000 1.000000 1.000000
2947.391357 0.000000 1438.239014 0.000000 0.000000 0.000000 1.000000 1.000000 1.000000 1.000000
2780.184570 0.000000 1329.297119 0.000000 0.000000 0.000000 1.000000 1.000000 1.000000 1.000000
2797.690674 0.000000 1324.555908 0.000000 0.000000 0.000000 1.000000 1.000000 1.000000 1.000000
2404.468994 0.000000 1705.597534 0.000000 0.000000 0.000000 1.000000 1.000000 1.000000 1.000000
2400.190918 0.000000 1710.971069 0.000000 0.000000 0.000000 1.000000 1.000000 1.000000 1.000000
2401.370605 0.000000 1710.405029 0.000000 0.000000 0.000000 1.000000 1.000000 1.000000 1.000000
2403.200439 0.000000 1712.357300 0.000000 0.000000 0.000000 1.000000 1.000000 1.000000 1.000000
"}
object={
	name="Boats"
	clamp_to_water_level=yes
	render_under_water=no
	generated_content=no
	layer="building_layer"
	entity="transport_ship"
	count=39
	transform="2486.291016 0.216309 1546.058228 0.000000 -0.404630 0.000000 0.914480 0.191076 0.191076 0.191076
1657.533569 0.216309 2243.670654 0.000000 0.620650 0.000000 -0.784088 0.191076 0.191076 0.191076
1516.261841 0.216309 1770.495239 0.000000 0.620650 0.000000 -0.784088 0.191076 0.191076 0.191076
1500.426758 0.216309 1775.646606 0.000000 0.499411 0.000000 -0.866365 0.191076 0.191076 0.191076
1489.026855 0.216309 1778.636963 0.000000 0.499411 0.000000 -0.866365 0.191076 0.191076 0.191076
1819.853027 0.216309 1745.238892 0.000000 0.628870 0.000000 -0.777510 0.191076 0.191076 0.191076
1863.363770 0.216309 1727.377319 0.000000 -0.224831 0.000000 0.974398 0.191076 0.191076 0.191076
1856.275513 0.216309 1702.792847 0.000000 -0.404630 0.000000 0.914480 0.191076 0.191076 0.191076
1858.329468 0.216309 1704.976685 0.000000 -0.404630 0.000000 0.914480 0.191076 0.191076 0.191076
1857.200928 0.216309 1703.877319 0.000000 -0.404630 0.000000 0.914480 0.191076 0.191076 0.191076
2419.307129 0.216309 1549.040894 0.000000 -0.404630 0.000000 0.914480 0.191076 0.191076 0.191076
2317.175537 0.216309 1662.072998 0.000000 -0.760540 0.000000 0.649291 0.191076 0.191076 0.191076
2308.774658 0.216309 1669.744995 0.000000 -0.760540 0.000000 0.649291 0.191076 0.191076 0.191076
2407.104980 0.216309 1705.068481 0.000000 -0.760540 0.000000 0.649291 0.191076 0.191076 0.191076
2326.436523 0.216309 1709.281616 0.000000 -0.743729 0.000000 0.668481 0.191076 0.191076 0.191076
2351.363037 0.216309 1742.061279 0.000000 -0.285764 0.000000 0.958300 0.191076 0.191076 0.191076
2421.996826 0.216309 1833.539062 0.000000 0.955321 0.000000 0.295571 0.191076 0.191076 0.191076
2410.442627 0.216309 1856.438477 0.000000 0.955321 0.000000 0.295571 0.191076 0.191076 0.191076
2408.456787 0.216309 1862.831055 0.000000 0.466420 0.000000 0.884563 0.191076 0.191076 0.191076
2594.672119 0.216309 1980.094727 0.000000 -0.922332 0.000000 -0.386398 0.160218 0.160218 0.160218
2603.503418 0.216309 1985.979858 0.000000 -0.004029 0.000000 -0.999992 0.158603 0.158603 0.158603
2600.089111 0.216309 1981.302002 0.000000 0.335582 0.000000 -0.942011 0.165888 0.165888 0.165888
2605.934570 0.216309 1980.201294 0.000000 -0.284821 0.000000 -0.958581 0.167801 0.167801 0.167801
2594.268066 0.216309 1954.576904 0.000000 -0.035577 0.000000 -0.999367 0.135639 0.135639 0.135639
2593.215820 0.216309 1954.009155 0.000000 -0.035577 0.000000 -0.999367 0.135639 0.135639 0.135639
2592.075439 0.216309 1953.390625 0.000000 -0.035577 0.000000 -0.999367 0.135639 0.135639 0.135639
2591.158691 0.216309 1952.459961 0.000000 -0.035577 0.000000 -0.999367 0.135639 0.135639 0.135639
2597.621094 0.216309 1955.477417 0.000000 -0.035577 0.000000 -0.999367 0.157396 0.157396 0.157396
2563.916504 0.216309 1939.137573 0.000000 0.759701 0.000000 -0.650273 0.259481 0.259481 0.259481
2452.700684 0.216309 1806.918701 0.000000 0.759701 0.000000 -0.650273 0.259481 0.259481 0.259481
2420.506348 0.216309 1876.377319 0.000000 -0.590825 0.000000 -0.806800 0.259481 0.259481 0.259481
2457.459473 0.216309 1876.546143 0.000000 -0.590825 0.000000 -0.806800 0.259481 0.259481 0.259481
1462.943237 0.216309 2173.367920 0.000000 -0.982085 0.000000 -0.188436 0.259481 0.259481 0.259481
1458.395874 0.216309 2175.677002 0.000000 -0.158041 0.000000 0.987432 0.259481 0.259481 0.259481
1455.408447 0.216309 2180.150391 0.000000 0.000000 0.000000 1.000000 0.259481 0.259481 0.259481
2869.934082 0.000000 1538.375000 0.000000 -0.908469 0.000000 0.417953 0.441577 0.441577 0.441577
2893.815186 0.000000 1422.455933 0.000000 -0.452930 0.000000 0.891546 0.417603 0.417603 0.417603
2806.650635 0.000000 1496.219604 0.000000 -0.648990 0.000000 0.760797 0.542822 0.542822 0.542822
2579.573486 0.000000 1521.631958 0.000000 -0.648990 0.000000 0.760797 0.580273 0.580273 0.580273
"}
object={
	name="Brown Bear"
	clamp_to_water_level=no
	render_under_water=no
	generated_content=no
	layer="building_layer"
	entity="brown_bear_entity"
	count=149
	transform="1593.337646 0.000000 2077.229980 0.000000 -0.656566 0.000000 0.754268 0.393478 0.393478 0.393478
1592.153076 0.000000 2076.928711 0.000000 -0.882635 0.000000 0.470060 0.734856 0.734856 0.734856
1594.567627 0.000000 2077.248535 0.000000 0.998455 0.000000 -0.055576 0.734856 0.734856 0.734856
1766.265381 0.000000 1978.089233 0.000000 -0.656566 0.000000 0.754268 0.393478 0.393478 0.393478
1765.080811 0.000000 1977.787964 0.000000 -0.882635 0.000000 0.470060 0.734856 0.734856 0.734856
1767.495361 0.000000 1978.107788 0.000000 0.998455 0.000000 -0.055576 0.734856 0.734856 0.734856
1866.682617 0.000000 1979.609253 0.000000 -0.656566 0.000000 0.754268 0.393478 0.393478 0.393478
1865.498047 0.000000 1979.307983 0.000000 -0.882635 0.000000 0.470060 0.734856 0.734856 0.734856
1867.912598 0.000000 1979.627808 0.000000 0.998455 0.000000 -0.055576 0.734856 0.734856 0.734856
1863.909058 0.000000 1877.508545 0.000000 0.200350 0.000000 0.979724 0.393478 0.393478 0.393478
1862.724487 0.000000 1877.207275 0.000000 -0.520884 0.000000 0.853627 0.734856 0.734856 0.734856
1865.139038 0.000000 1877.527100 -0.000000 -0.065325 0.000000 0.997864 0.734856 0.734856 0.734856
2258.045410 0.000000 1902.262939 0.000000 0.200350 0.000000 0.979724 0.393478 0.393478 0.393478
2256.860840 0.000000 1901.961670 0.000000 -0.520884 0.000000 0.853627 0.734856 0.734856 0.734856
2259.275391 0.000000 1902.281494 -0.000000 -0.065325 0.000000 0.997864 0.734856 0.734856 0.734856
2264.326416 0.000000 1985.438721 -0.000000 0.700533 0.000000 0.713619 0.393478 0.393478 0.393478
2263.141846 0.000000 1985.137451 0.000000 0.951725 0.000000 0.306951 0.734856 0.734856 0.734856
2265.556396 0.000000 1985.457275 0.000000 -0.924257 0.000000 -0.381772 0.734856 0.734856 0.734856
2025.122681 0.000000 2519.989258 -0.000000 0.700533 0.000000 0.713619 0.393478 0.393478 0.393478
2023.938110 0.000000 2519.687988 0.000000 0.951725 0.000000 0.306951 0.734856 0.734856 0.734856
2026.352661 0.000000 2520.007812 0.000000 -0.924257 0.000000 -0.381772 0.734856 0.734856 0.734856
2174.538330 0.000000 2731.113770 -0.000000 0.700533 0.000000 0.713619 0.393478 0.393478 0.393478
2173.353760 0.000000 2730.812500 0.000000 0.951725 0.000000 0.306951 0.734856 0.734856 0.734856
2175.768311 0.000000 2731.132324 0.000000 -0.924257 0.000000 -0.381772 0.734856 0.734856 0.734856
2079.520752 0.000000 2721.299805 0.000000 -0.947590 0.000000 -0.319487 0.393478 0.393478 0.393478
2078.336182 0.000000 2720.998535 0.000000 0.298927 0.000000 0.954276 0.734856 0.734856 0.734856
2080.750732 0.000000 2721.318359 0.000000 0.044643 -0.000000 -0.999003 0.734856 0.734856 0.734856
2098.175781 0.000000 2835.225342 0.000000 0.935044 -0.000000 -0.354532 0.393478 0.393478 0.393478
2096.991211 0.000000 2834.924072 0.000000 0.967896 0.000000 -0.251350 0.734856 0.734856 0.734856
2099.405762 0.000000 2835.243896 0.000000 -0.950649 0.000000 0.310268 0.734856 0.734856 0.734856
2070.016602 0.000000 2890.850830 0.000000 -0.984475 0.000000 0.175527 0.393478 0.393478 0.393478
2068.832031 0.000000 2890.549561 0.000000 -0.916785 0.000000 0.399382 0.734856 0.734856 0.734856
2071.246582 0.000000 2890.869385 -0.000000 -0.416282 0.000000 0.909236 0.734856 0.734856 0.734856
2013.809570 0.000000 2900.677490 0.000000 0.996703 0.000000 -0.081139 0.393478 0.393478 0.393478
2012.625000 0.000000 2900.376221 0.000000 0.905243 0.000000 0.424894 0.734856 0.734856 0.734856
2015.039307 0.000000 2900.696045 0.000000 -0.763664 0.000000 0.645614 0.734856 0.734856 0.734856
2007.411865 0.000000 2922.935791 0.000000 0.434114 0.000000 0.900858 0.393478 0.393478 0.393478
2006.227295 0.000000 2922.634521 0.000000 0.556145 0.000000 0.831085 0.734856 0.734856 0.734856
2008.641602 0.000000 2922.954346 0.000000 0.974696 0.000000 0.223537 0.734856 0.734856 0.734856
1889.447632 0.000000 2953.486328 0.000000 -0.906815 0.000000 0.421528 0.393478 0.393478 0.393478
1888.263062 0.000000 2953.185059 0.000000 0.194302 0.000000 -0.980942 0.734856 0.734856 0.734856
1890.677368 0.000000 2953.504883 0.000000 -0.915683 0.000000 -0.401901 0.734856 0.734856 0.734856
1865.231445 0.000000 2851.398438 0.000000 -0.906815 0.000000 0.421528 0.393478 0.393478 0.393478
1864.046875 0.000000 2851.097168 0.000000 0.194302 0.000000 -0.980942 0.734856 0.734856 0.734856
1866.461182 0.000000 2851.416992 0.000000 -0.915683 0.000000 -0.401901 0.734856 0.734856 0.734856
1844.213867 0.000000 2681.017822 0.000000 -0.874909 0.000000 0.484287 0.393478 0.393478 0.393478
1843.029297 0.000000 2680.716553 0.000000 -0.132685 0.000000 -0.991158 0.734856 0.734856 0.734856
1845.443604 0.000000 2681.036377 0.000000 0.379156 0.000000 0.925333 0.734856 0.734856 0.734856
1822.221558 0.000000 2590.990479 0.000000 -0.395207 -0.000000 -0.918592 0.393478 0.393478 0.393478
1821.036987 0.000000 2590.689209 0.000000 -0.942688 0.000000 -0.333676 0.734856 0.734856 0.734856
1823.451294 0.000000 2591.009033 0.000000 0.823448 0.000000 -0.567393 0.734856 0.734856 0.734856
1719.012329 0.000000 2412.062500 0.000000 -0.395207 -0.000000 -0.918592 0.393478 0.393478 0.393478
1717.827759 0.000000 2411.761230 0.000000 -0.942688 0.000000 -0.333676 0.734856 0.734856 0.734856
1720.242065 0.000000 2412.081055 0.000000 0.823448 0.000000 -0.567393 0.734856 0.734856 0.734856
1577.797485 0.000000 2392.051025 0.000000 -0.395207 -0.000000 -0.918592 0.393478 0.393478 0.393478
1576.612915 0.000000 2391.749756 0.000000 -0.942688 0.000000 -0.333676 0.734856 0.734856 0.734856
1579.027222 0.000000 2392.069580 0.000000 0.823448 0.000000 -0.567393 0.734856 0.734856 0.734856
1501.393921 0.000000 2277.212891 0.000000 -0.395207 -0.000000 -0.918592 0.393478 0.393478 0.393478
1500.209351 0.000000 2276.911621 0.000000 -0.942688 0.000000 -0.333676 0.734856 0.734856 0.734856
1502.623657 0.000000 2277.231445 0.000000 0.823448 0.000000 -0.567393 0.734856 0.734856 0.734856
453.169617 0.000000 1817.661743 0.000000 -0.395207 -0.000000 -0.918592 0.393478 0.393478 0.393478
451.985046 0.000000 1817.360474 0.000000 -0.942688 0.000000 -0.333676 0.734856 0.734856 0.734856
454.399231 0.000000 1817.680298 0.000000 0.823448 0.000000 -0.567393 0.734856 0.734856 0.734856
609.763977 0.000000 1777.694702 0.000000 -0.395207 -0.000000 -0.918592 0.393478 0.393478 0.393478
608.579407 0.000000 1777.393433 0.000000 -0.942688 0.000000 -0.333676 0.734856 0.734856 0.734856
610.993591 0.000000 1777.713257 0.000000 0.823448 0.000000 -0.567393 0.734856 0.734856 0.734856
717.478699 0.000000 1920.996216 0.000000 -0.395207 -0.000000 -0.918592 0.393478 0.393478 0.393478
716.294128 0.000000 1920.694946 0.000000 -0.942688 0.000000 -0.333676 0.734856 0.734856 0.734856
718.708313 0.000000 1921.014771 0.000000 0.823448 0.000000 -0.567393 0.734856 0.734856 0.734856
710.589722 0.000000 1926.222656 0.000000 -0.088820 0.000000 0.996048 0.393478 0.393478 0.393478
709.405151 0.000000 1925.921387 -0.000000 -0.740502 0.000000 0.672054 0.734856 0.734856 0.734856
711.819336 0.000000 1926.241211 0.000000 0.983939 0.000000 0.178506 0.734856 0.734856 0.734856
717.269165 0.000000 1930.078247 0.000000 -0.990048 0.000000 0.140733 0.393478 0.393478 0.393478
716.084595 0.000000 1929.776978 0.000000 -0.248400 0.000000 -0.968658 0.734856 0.734856 0.734856
718.498779 0.000000 1930.096802 0.000000 0.362117 0.000000 0.932133 0.734856 0.734856 0.734856
758.974365 0.000000 2113.514648 0.000000 -0.990048 0.000000 0.140733 0.393478 0.393478 0.393478
757.789795 0.000000 2113.213379 0.000000 -0.248400 0.000000 -0.968658 0.734856 0.734856 0.734856
760.203979 0.000000 2113.533203 0.000000 0.362117 0.000000 0.932133 0.734856 0.734856 0.734856
880.754944 0.000000 2170.481689 0.000000 -0.982509 0.000000 -0.186216 0.393478 0.393478 0.393478
879.570374 0.000000 2170.180420 0.000000 -0.066647 0.000000 -0.997777 0.734856 0.734856 0.734856
881.984558 0.000000 2170.500244 0.000000 0.952346 0.000000 -0.305021 0.734856 0.734856 0.734856
892.046570 0.000000 2265.288818 0.000000 -0.982509 0.000000 -0.186216 0.393478 0.393478 0.393478
890.862000 0.000000 2264.987549 0.000000 -0.066647 0.000000 -0.997777 0.734856 0.734856 0.734856
893.276184 0.000000 2265.307373 0.000000 0.952346 0.000000 -0.305021 0.734856 0.734856 0.734856
939.572388 0.000000 2200.027100 0.000000 -0.354779 -0.000000 -0.934950 0.393478 0.393478 0.393478
938.387817 0.000000 2199.725830 0.000000 0.820583 0.000000 -0.571528 0.734856 0.734856 0.734856
940.802002 0.000000 2200.045654 0.000000 -0.782831 0.000000 -0.622234 0.734856 0.734856 0.734856
1030.061890 0.000000 2260.511475 0.000000 -0.354779 -0.000000 -0.934950 0.393478 0.393478 0.393478
1028.877319 0.000000 2260.210205 0.000000 0.820583 0.000000 -0.571528 0.734856 0.734856 0.734856
1031.291504 0.000000 2260.530029 0.000000 -0.782831 0.000000 -0.622234 0.734856 0.734856 0.734856
1185.878662 0.000000 2356.282471 0.000000 -0.354779 -0.000000 -0.934950 0.393478 0.393478 0.393478
1184.694092 0.000000 2355.981201 0.000000 0.820583 0.000000 -0.571528 0.734856 0.734856 0.734856
1187.108276 0.000000 2356.301025 0.000000 -0.782831 0.000000 -0.622234 0.734856 0.734856 0.734856
1108.520996 0.000000 2370.177490 0.000000 -0.354779 -0.000000 -0.934950 0.393478 0.393478 0.393478
1107.336426 0.000000 2369.876221 0.000000 0.820583 0.000000 -0.571528 0.734856 0.734856 0.734856
1109.750610 0.000000 2370.196045 0.000000 -0.782831 0.000000 -0.622234 0.734856 0.734856 0.734856
976.161316 0.000000 2756.173828 0.000000 -0.087650 0.000000 -0.996152 0.393478 0.393478 0.393478
974.976746 0.000000 2755.872559 0.000000 0.927017 0.000000 0.375018 0.734856 0.734856 0.734856
974.918884 0.000000 2766.538818 0.000000 0.982098 0.000000 -0.188373 0.734856 0.734856 0.734856
997.941345 0.000000 2897.360352 0.000000 -0.210987 0.000000 -0.977489 0.393478 0.393478 0.393478
996.756775 0.000000 2897.059082 0.000000 0.575883 0.000000 -0.817532 0.734856 0.734856 0.734856
999.170959 0.000000 2897.378906 0.000000 -0.169502 0.000000 -0.985530 0.734856 0.734856 0.734856
949.368408 0.000000 3006.903076 0.000000 0.911819 0.000000 0.410593 0.393478 0.393478 0.393478
948.183838 0.000000 3006.601807 0.000000 -0.912444 0.000000 0.409201 0.734856 0.734856 0.734856
950.598022 0.000000 3006.921631 0.000000 -0.994394 0.000000 -0.105737 0.734856 0.734856 0.734856
878.879700 0.000000 3119.102783 0.000000 -0.905116 0.000000 -0.425165 0.393478 0.393478 0.393478
877.695129 0.000000 3118.801514 0.000000 -0.763077 0.000000 -0.646307 0.734856 0.734856 0.734856
880.109314 0.000000 3119.121338 0.000000 0.885878 0.000000 0.463918 0.734856 0.734856 0.734856
877.038879 0.000000 3024.001221 0.000000 0.553155 0.000000 -0.833078 0.393478 0.393478 0.393478
875.854309 0.000000 3023.699951 0.000000 -0.930155 0.000000 0.367167 0.734856 0.734856 0.734856
878.268494 0.000000 3024.019775 0.000000 -0.496275 0.000000 -0.868165 0.734856 0.734856 0.734856
883.018433 0.000000 2870.844727 0.000000 -0.896498 0.000000 0.443049 0.393478 0.393478 0.393478
881.833862 0.000000 2870.543457 0.000000 -0.977916 0.000000 0.208997 0.734856 0.734856 0.734856
884.248047 0.000000 2870.863281 0.000000 0.378971 0.000000 -0.925409 0.734856 0.734856 0.734856
820.936707 0.000000 2765.628174 0.000000 0.956832 0.000000 -0.290640 0.393478 0.393478 0.393478
819.752136 0.000000 2765.326904 0.000000 -0.877764 0.000000 0.479094 0.734856 0.734856 0.734856
822.166321 0.000000 2765.646729 0.000000 0.115808 0.000000 -0.993272 0.734856 0.734856 0.734856
743.684998 0.000000 2720.147705 -0.000000 0.512707 0.000000 0.858564 0.393478 0.393478 0.393478
742.500427 0.000000 2719.846436 -0.000000 0.705615 0.000000 0.708595 0.734856 0.734856 0.734856
744.914612 0.000000 2720.166260 0.000000 0.727763 0.000000 0.685829 0.734856 0.734856 0.734856
727.451843 0.000000 2727.409180 0.000000 0.963650 0.000000 -0.267168 0.393478 0.393478 0.393478
726.267273 0.000000 2727.107910 0.000000 -0.222062 0.000000 0.975033 0.734856 0.734856 0.734856
728.681458 0.000000 2727.427734 0.000000 0.935107 0.000000 0.354366 0.734856 0.734856 0.734856
1051.158569 0.000000 2433.127197 0.000000 -0.787938 0.000000 -0.615755 0.393478 0.393478 0.393478
1049.973999 0.000000 2432.825928 0.000000 -0.997510 0.000000 -0.070531 0.734856 0.734856 0.734856
1052.388184 0.000000 2433.145752 0.000000 -0.880761 0.000000 -0.473562 0.734856 0.734856 0.734856
1034.925415 0.000000 2440.388672 0.000000 -0.965753 0.000000 0.259463 0.393478 0.393478 0.393478
1033.740845 0.000000 2440.087402 0.000000 0.341183 0.000000 0.939997 0.734856 0.734856 0.734856
1036.155029 0.000000 2440.407227 -0.000000 -0.749242 0.000000 0.662296 0.734856 0.734856 0.734856
1037.558716 0.000000 2466.505859 0.000000 0.345578 0.000000 0.938390 0.393478 0.393478 0.393478
1036.374146 0.000000 2466.204590 0.000000 -0.195939 0.000000 0.980616 0.734856 0.734856 0.734856
1038.788330 0.000000 2466.524414 0.000000 0.423845 0.000000 -0.905735 0.734856 0.734856 0.734856
1036.120850 0.000000 2483.278809 0.000000 0.613453 -0.000000 -0.789731 0.393478 0.393478 0.393478
1034.936279 0.000000 2482.977539 0.000000 -0.561537 0.000000 0.827452 0.734856 0.734856 0.734856
1037.350464 0.000000 2483.297363 0.000000 0.049779 0.000000 -0.998760 0.734856 0.734856 0.734856
1031.046143 0.000000 2552.401855 0.000000 0.848006 0.000000 -0.529987 0.393478 0.393478 0.393478
1029.861572 0.000000 2552.100586 0.000000 0.151237 0.000000 0.988497 0.734856 0.734856 0.734856
1032.275757 0.000000 2552.420410 0.000000 0.535516 0.000000 0.844525 0.734856 0.734856 0.734856
1036.829346 0.000000 2611.317627 0.000000 0.590835 0.000000 -0.806792 0.393478 0.393478 0.393478
1035.644775 0.000000 2611.016357 -0.000000 0.555039 0.000000 0.831824 0.734856 0.734856 0.734856
1038.058960 0.000000 2611.336182 0.000000 -0.959952 0.000000 -0.280164 0.734856 0.734856 0.734856
1143.915283 0.000000 2608.654785 0.000000 0.590835 0.000000 -0.806792 0.393478 0.393478 0.393478
1142.730713 0.000000 2608.353516 -0.000000 0.555039 0.000000 0.831824 0.734856 0.734856 0.734856
1145.144897 0.000000 2608.673340 0.000000 -0.959952 0.000000 -0.280164 0.734856 0.734856 0.734856
1193.840820 0.000000 2609.843750 0.000000 0.897881 0.000000 0.440239 0.393478 0.393478 0.393478
1195.070435 0.000000 2609.862305 0.000000 0.806832 0.000000 0.590782 0.734856 0.734856 0.734856
1234.482544 0.000000 2611.091797 0.000000 0.942183 0.000000 -0.335099 0.734856 0.734856 0.734856
1239.316406 0.000000 2612.150635 0.000000 -0.396358 0.000000 0.918096 0.736697 0.736697 0.736697
1237.686279 0.000000 2615.794434 0.000000 -0.999774 0.000000 -0.021243 0.790186 0.790186 0.790186
"}
object={
	name="Camels"
	clamp_to_water_level=no
	render_under_water=no
	generated_content=no
	layer="building_layer"
	entity="camel_entity"
	count=102
	transform="2178.509033 0.000000 1331.533691 0.000000 0.891511 0.000000 0.452999 0.437060 0.437060 0.437060
2176.814941 0.000000 1331.774658 0.000000 0.806174 0.000000 0.591679 0.437060 0.437060 0.437060
2177.602539 0.000000 1332.619141 -0.000000 0.143026 0.000000 0.989719 0.437060 0.437060 0.437060
2295.679199 0.000000 1359.065674 0.000000 0.891511 0.000000 0.452999 0.437060 0.437060 0.437060
2293.985107 0.000000 1359.306641 0.000000 0.806174 0.000000 0.591679 0.437060 0.437060 0.437060
2294.772705 0.000000 1360.151123 -0.000000 0.143026 0.000000 0.989719 0.437060 0.437060 0.437060
2590.140869 0.000000 1296.058472 0.000000 0.546751 0.000000 -0.837296 0.437060 0.437060 0.437060
2588.446777 0.000000 1296.299438 0.000000 0.983956 0.000000 -0.178409 0.437060 0.437060 0.437060
2589.234375 0.000000 1297.143921 0.000000 0.885129 0.000000 -0.465345 0.437060 0.437060 0.437060
2696.545898 0.000000 1275.587280 0.000000 0.546751 0.000000 -0.837296 0.437060 0.437060 0.437060
2694.851807 0.000000 1275.828247 0.000000 0.983956 0.000000 -0.178409 0.437060 0.437060 0.437060
2695.639404 0.000000 1276.672729 0.000000 0.885129 0.000000 -0.465345 0.437060 0.437060 0.437060
2786.979004 0.000000 1262.615723 0.000000 0.966835 0.000000 -0.255400 0.437060 0.437060 0.437060
2785.284912 0.000000 1262.856689 0.000000 -0.290449 0.000000 -0.956890 0.437060 0.437060 0.437060
2786.072510 0.000000 1263.701172 0.000000 0.497925 0.000000 -0.867220 0.437060 0.437060 0.437060
2796.614990 0.000000 1301.631348 0.000000 -0.297062 0.000000 -0.954858 0.437060 0.437060 0.437060
2794.920898 0.000000 1301.872314 0.000000 0.957149 0.000000 0.289597 0.437060 0.437060 0.437060
2795.708496 0.000000 1302.716797 0.000000 0.999112 0.000000 0.042144 0.437060 0.437060 0.437060
2800.738037 0.000000 1319.395996 0.000000 0.000000 0.000000 1.000000 0.437060 0.437060 0.437060
2799.043945 0.000000 1319.636963 0.000000 0.000000 0.000000 1.000000 0.437060 0.437060 0.437060
2799.831543 0.000000 1320.481445 0.000000 0.000000 0.000000 1.000000 0.437060 0.437060 0.437060
1006.683716 0.000000 669.983093 0.000000 -0.986477 0.000000 -0.163898 0.496032 0.496032 0.496032
1006.319458 0.000000 672.163757 0.000000 -0.991094 0.000000 -0.133166 0.496032 0.496032 0.496032
1007.580200 0.000000 672.258484 0.000000 -0.621566 0.000000 0.783361 0.496032 0.496032 0.496032
1191.696167 0.000000 524.212769 0.000000 -0.986477 0.000000 -0.163898 0.496032 0.496032 0.496032
1191.331909 0.000000 526.393433 0.000000 -0.991094 0.000000 -0.133166 0.496032 0.496032 0.496032
1192.592651 0.000000 526.488159 0.000000 -0.621566 0.000000 0.783361 0.496032 0.496032 0.496032
1521.474731 0.000000 82.237885 0.000000 -0.986477 0.000000 -0.163898 0.496032 0.496032 0.496032
1521.110474 0.000000 84.418549 0.000000 -0.991094 0.000000 -0.133166 0.496032 0.496032 0.496032
1522.371216 0.000000 84.513275 0.000000 -0.621566 0.000000 0.783361 0.496032 0.496032 0.496032
1191.794189 0.000000 324.439453 0.000000 -0.986477 0.000000 -0.163898 0.496032 0.496032 0.496032
1191.429932 0.000000 326.620117 0.000000 -0.991094 0.000000 -0.133166 0.496032 0.496032 0.496032
1192.690674 0.000000 326.714844 0.000000 -0.621566 0.000000 0.783361 0.496032 0.496032 0.496032
891.465881 0.000000 169.792389 0.000000 -0.986477 0.000000 -0.163898 0.496032 0.496032 0.496032
891.101624 0.000000 171.973053 0.000000 -0.991094 0.000000 -0.133166 0.496032 0.496032 0.496032
892.362366 0.000000 172.067780 0.000000 -0.621566 0.000000 0.783361 0.496032 0.496032 0.496032
599.263184 0.000000 182.276215 0.000000 -0.986477 0.000000 -0.163898 0.496032 0.496032 0.496032
598.898926 0.000000 184.456879 0.000000 -0.991094 0.000000 -0.133166 0.496032 0.496032 0.496032
600.159668 0.000000 184.551605 0.000000 -0.621566 0.000000 0.783361 0.496032 0.496032 0.496032
397.435547 0.000000 274.750336 0.000000 -0.785872 0.000000 -0.618389 0.496032 0.496032 0.496032
397.071289 0.000000 276.931000 0.000000 0.502632 0.000000 -0.864501 0.496032 0.496032 0.496032
398.332031 0.000000 277.025726 0.000000 0.253598 0.000000 -0.967310 0.496032 0.496032 0.496032
178.995041 0.000000 477.136169 0.000000 0.642901 0.000000 0.765950 0.496032 0.496032 0.496032
178.630783 0.000000 479.316833 0.000000 -0.149586 0.000000 0.988749 0.496032 0.496032 0.496032
179.891525 0.000000 479.411560 0.000000 -0.578693 0.000000 -0.815546 0.496032 0.496032 0.496032
309.524139 0.000000 628.745056 0.000000 0.642901 0.000000 0.765950 0.496032 0.496032 0.496032
309.159882 0.000000 630.925720 0.000000 -0.149586 0.000000 0.988749 0.496032 0.496032 0.496032
310.420624 0.000000 631.020447 0.000000 -0.578693 0.000000 -0.815546 0.496032 0.496032 0.496032
194.522934 0.000000 650.894104 0.000000 0.926155 0.000000 0.377144 0.496032 0.496032 0.496032
194.158676 0.000000 653.074768 0.000000 -0.182126 -0.000000 -0.983275 0.496032 0.496032 0.496032
195.419418 0.000000 653.169495 0.000000 0.074023 0.000000 0.997256 0.496032 0.496032 0.496032
210.478149 0.000000 735.499268 0.000000 0.391896 0.000000 -0.920009 0.496032 0.496032 0.496032
210.113892 0.000000 737.679932 0.000000 -0.923437 0.000000 0.383750 0.496032 0.496032 0.496032
211.374634 0.000000 737.774658 0.000000 0.995048 0.000000 -0.099393 0.496032 0.496032 0.496032
343.184692 0.000000 836.216125 0.000000 0.391896 0.000000 -0.920009 0.496032 0.496032 0.496032
342.820435 0.000000 838.396790 0.000000 -0.923437 0.000000 0.383750 0.496032 0.496032 0.496032
344.081177 0.000000 838.491516 0.000000 0.995048 0.000000 -0.099393 0.496032 0.496032 0.496032
366.399841 0.000000 835.956055 0.000000 0.848604 0.000000 -0.529028 0.496032 0.496032 0.496032
366.035583 0.000000 838.136719 0.000000 0.286495 0.000000 -0.958082 0.496032 0.496032 0.496032
367.296326 0.000000 838.231445 0.000000 0.870109 0.000000 0.492858 0.496032 0.496032 0.496032
785.465149 0.000000 1178.779907 0.000000 0.848604 0.000000 -0.529028 0.496032 0.496032 0.496032
785.100891 0.000000 1180.960571 0.000000 0.286495 0.000000 -0.958082 0.496032 0.496032 0.496032
786.361633 0.000000 1181.055298 0.000000 0.870109 0.000000 0.492858 0.496032 0.496032 0.496032
387.582397 0.000000 1038.348145 0.000000 0.848604 0.000000 -0.529028 0.496032 0.496032 0.496032
387.218140 0.000000 1040.528809 0.000000 0.286495 0.000000 -0.958082 0.496032 0.496032 0.496032
388.478882 0.000000 1040.623535 0.000000 0.870109 0.000000 0.492858 0.496032 0.496032 0.496032
601.869324 0.000000 1185.689575 0.000000 0.848604 0.000000 -0.529028 0.496032 0.496032 0.496032
601.505066 0.000000 1187.870239 0.000000 0.286495 0.000000 -0.958082 0.496032 0.496032 0.496032
602.765808 0.000000 1187.964966 0.000000 0.870109 0.000000 0.492858 0.496032 0.496032 0.496032
652.114685 0.000000 1580.679565 0.000000 0.848604 0.000000 -0.529028 0.496032 0.496032 0.496032
651.750427 0.000000 1582.860229 0.000000 0.286495 0.000000 -0.958082 0.496032 0.496032 0.496032
653.011169 0.000000 1582.954956 0.000000 0.870109 0.000000 0.492858 0.496032 0.496032 0.496032
516.482910 0.000000 1426.841309 0.000000 0.848604 0.000000 -0.529028 0.496032 0.496032 0.496032
516.118652 0.000000 1429.021973 0.000000 0.286495 0.000000 -0.958082 0.496032 0.496032 0.496032
517.379395 0.000000 1429.116699 0.000000 0.870109 0.000000 0.492858 0.496032 0.496032 0.496032
677.991760 0.000000 1504.378662 0.000000 0.660692 0.000000 -0.750657 0.496032 0.496032 0.496032
677.627502 0.000000 1506.559326 0.000000 0.660345 0.000000 0.750962 0.496032 0.496032 0.496032
678.888245 0.000000 1506.654053 0.000000 0.840228 0.000000 -0.542234 0.496032 0.496032 0.496032
865.873779 0.000000 1517.531006 0.000000 0.790202 -0.000000 -0.612847 0.496032 0.496032 0.496032
865.509521 0.000000 1519.711670 0.000000 0.239641 0.000000 0.970862 0.496032 0.496032 0.496032
866.770264 0.000000 1519.806396 0.000000 0.330985 0.000000 0.943636 0.496032 0.496032 0.496032
1020.744019 0.000000 1587.171143 0.000000 0.790202 -0.000000 -0.612847 0.496032 0.496032 0.496032
1020.379761 0.000000 1589.351807 0.000000 0.239641 0.000000 0.970862 0.496032 0.496032 0.496032
1021.640503 0.000000 1589.446533 0.000000 0.330985 0.000000 0.943636 0.496032 0.496032 0.496032
1274.697510 0.000000 1483.490723 0.000000 0.790202 -0.000000 -0.612847 0.496032 0.496032 0.496032
1274.333252 0.000000 1485.671387 0.000000 0.239641 0.000000 0.970862 0.496032 0.496032 0.496032
1275.593994 0.000000 1485.766113 0.000000 0.330985 0.000000 0.943636 0.496032 0.496032 0.496032
1520.603149 0.000000 1412.479492 0.000000 0.790202 -0.000000 -0.612847 0.496032 0.496032 0.496032
1520.238892 0.000000 1414.660156 0.000000 0.239641 0.000000 0.970862 0.496032 0.496032 0.496032
1521.499634 0.000000 1414.754883 0.000000 0.330985 0.000000 0.943636 0.496032 0.496032 0.496032
1500.010376 0.000000 1179.587402 0.000000 0.790202 -0.000000 -0.612847 0.496032 0.496032 0.496032
1499.646118 0.000000 1181.768066 0.000000 0.239641 0.000000 0.970862 0.496032 0.496032 0.496032
1500.906860 0.000000 1181.862793 0.000000 0.330985 0.000000 0.943636 0.496032 0.496032 0.496032
1853.356689 0.000000 908.686462 0.000000 -0.889286 0.000000 0.457352 0.496032 0.496032 0.496032
1852.992432 0.000000 910.867004 0.000000 -0.670108 0.000000 0.742263 0.496032 0.496032 0.496032
1854.253174 0.000000 910.961731 0.000000 0.480113 0.000000 -0.877207 0.496032 0.496032 0.496032
2117.243652 0.000000 650.074585 0.000000 -0.999995 0.000000 0.003139 0.496032 0.496032 0.496032
2116.879395 0.000000 652.255127 0.000000 0.000000 0.000000 1.000000 0.496032 0.496032 0.496032
2118.140137 0.000000 652.349854 0.000000 0.000000 0.000000 1.000000 0.496032 0.496032 0.496032
2060.677246 0.000000 408.313324 0.000000 -0.999995 0.000000 0.003139 0.496032 0.496032 0.496032
2060.312988 0.000000 410.493866 0.000000 0.000000 0.000000 1.000000 0.496032 0.496032 0.496032
2061.573730 0.000000 410.588654 0.000000 0.000000 0.000000 1.000000 0.496032 0.496032 0.496032
"}
object={
	name="Crockadile"
	clamp_to_water_level=no
	render_under_water=no
	generated_content=no
	layer="building_layer"
	entity="crocodile_entity"
	count=20
	transform="2812.040283 2.563721 1265.110229 0.000000 0.588816 0.000000 0.808267 0.418958 0.418958 0.418958
2693.680176 -0.088989 1327.062744 0.000000 0.588816 0.000000 0.808267 0.418958 0.418958 0.418958
2697.079102 -0.088989 1328.067871 0.000000 0.054547 0.000000 -0.998511 0.418958 0.418958 0.418958
2813.438232 2.661743 1266.444092 0.000000 -0.790227 0.000000 -0.612814 0.418958 0.418958 0.418958
2813.759277 3.617554 1264.304199 0.000000 -0.884795 0.000000 0.465981 0.418958 0.418958 0.418958
2726.037598 -0.088989 1308.049927 0.000000 0.054547 0.000000 -0.998511 0.418958 0.418958 0.418958
2695.078125 0.009033 1328.396606 0.000000 -0.790227 0.000000 -0.612814 0.418958 0.418958 0.418958
2695.399170 0.009033 1326.256714 0.000000 -0.884795 0.000000 0.465981 0.418958 0.418958 0.418958
2746.660645 -0.088989 1279.145874 0.000000 0.054547 0.000000 -0.998511 0.418958 0.418958 0.418958
2698.477051 0.009033 1329.401733 0.000000 0.183854 0.000000 0.982954 0.418958 0.418958 0.418958
2698.798096 0.009033 1327.261841 0.000000 0.877972 0.000000 0.478712 0.418958 0.418958 0.418958
2746.285645 1.190796 1250.172974 0.000000 0.183854 0.000000 0.982954 0.418958 0.418958 0.418958
2727.435547 0.009033 1309.383789 0.000000 0.183854 0.000000 0.982954 0.418958 0.418958 0.418958
2727.756592 0.009033 1307.243896 0.000000 0.877972 0.000000 0.478712 0.418958 0.418958 0.418958
2751.193115 -0.208130 1264.214844 0.000000 0.183854 0.000000 0.982954 0.418958 0.418958 0.418958
2748.058594 0.009033 1280.479736 0.000000 0.183854 0.000000 0.982954 0.418958 0.418958 0.418958
2748.379639 0.009033 1278.339844 0.000000 0.877972 0.000000 0.478712 0.418958 0.418958 0.418958
2752.661133 0.990845 1321.553223 0.000000 0.183854 0.000000 0.982954 0.418958 0.418958 0.418958
2754.112793 1.088867 1322.547729 0.000000 0.183854 0.000000 0.982954 0.418958 0.418958 0.418958
2753.429688 1.088867 1321.827759 0.000000 0.183854 0.000000 0.982954 0.418958 0.418958 0.418958
"}
object={
	name="Eagle"
	clamp_to_water_level=no
	render_under_water=no
	generated_content=no
	layer="building_layer"
	entity="eagle_entity"
	count=82
	transform="3002.379150 0.752197 1552.676270 0.000000 0.000000 0.000000 1.000000 1.000000 1.000000 1.000000
586.623840 7.752563 2114.715088 0.000000 0.570461 0.000000 0.821325 1.000000 1.000000 1.000000
960.982605 7.752563 1933.935303 0.000000 0.570461 0.000000 0.821325 1.000000 1.000000 1.000000
5218.335449 7.752563 3211.007080 0.000000 0.570461 0.000000 0.821325 1.000000 1.000000 1.000000
5239.567871 7.752563 2917.738281 0.000000 0.570461 0.000000 0.821325 1.000000 1.000000 1.000000
5178.546387 7.752563 2569.173584 0.000000 0.570461 0.000000 0.821325 1.000000 1.000000 1.000000
4957.064941 7.752563 2254.624268 0.000000 0.570461 0.000000 0.821325 1.000000 1.000000 1.000000
5301.063477 7.752563 2004.526367 0.000000 0.570461 0.000000 0.821325 1.000000 1.000000 1.000000
5531.819824 7.752563 2131.752930 0.000000 0.570461 0.000000 0.821325 1.000000 1.000000 1.000000
5715.379883 7.752563 2009.652344 0.000000 0.570461 0.000000 0.821325 1.000000 1.000000 1.000000
5911.307129 7.752563 1991.493530 0.000000 0.570461 0.000000 0.821325 1.000000 1.000000 1.000000
6113.527344 7.752563 1935.709595 0.000000 0.570461 0.000000 0.821325 1.000000 1.000000 1.000000
6081.000000 7.752563 1682.270630 0.000000 0.570461 0.000000 0.821325 1.000000 1.000000 1.000000
5789.937988 7.752563 1550.401489 0.000000 0.570461 0.000000 0.821325 1.000000 1.000000 1.000000
5630.486816 7.752563 1510.221069 0.000000 0.570461 0.000000 0.821325 1.000000 1.000000 1.000000
5304.837891 7.752563 1552.656494 0.000000 0.570461 0.000000 0.821325 1.000000 1.000000 1.000000
5043.199707 7.752563 1683.919800 0.000000 0.570461 0.000000 0.821325 1.000000 1.000000 1.000000
4438.521973 7.752563 1725.606201 0.000000 0.570461 0.000000 0.821325 1.000000 1.000000 1.000000
4666.245605 7.752563 1981.605835 0.000000 0.570461 0.000000 0.821325 1.000000 1.000000 1.000000
4753.865234 7.752563 1860.294189 0.000000 0.570461 0.000000 0.821325 1.000000 1.000000 1.000000
1549.085205 7.752563 689.615479 0.000000 0.570461 0.000000 0.821325 1.000000 1.000000 1.000000
1635.497559 7.752563 944.859924 0.000000 0.570461 0.000000 0.821325 1.000000 1.000000 1.000000
1211.044922 7.752563 801.904236 0.000000 0.570461 0.000000 0.821325 1.000000 1.000000 1.000000
1146.399170 7.752563 1459.277222 0.000000 0.570461 0.000000 0.821325 1.000000 1.000000 1.000000
1216.911255 7.752563 1617.320312 0.000000 0.570461 0.000000 0.821325 1.000000 1.000000 1.000000
1151.569092 7.752563 1462.862061 0.000000 0.570461 0.000000 0.821325 1.000000 1.000000 1.000000
759.555908 7.752563 1013.294128 0.000000 0.570461 0.000000 0.821325 1.000000 1.000000 1.000000
689.277893 7.752563 1381.850952 0.000000 0.570461 0.000000 0.821325 1.000000 1.000000 1.000000
556.363525 7.752563 1340.438721 0.000000 0.570461 0.000000 0.821325 1.000000 1.000000 1.000000
432.950012 7.752563 1167.211670 0.000000 0.570461 0.000000 0.821325 1.000000 1.000000 1.000000
660.931030 7.752563 1375.214355 0.000000 0.570461 0.000000 0.821325 1.000000 1.000000 1.000000
796.189941 7.752563 1698.161011 0.000000 0.570461 0.000000 0.821325 1.000000 1.000000 1.000000
742.841736 7.752563 1498.072632 0.000000 0.570461 0.000000 0.821325 1.000000 1.000000 1.000000
776.699097 7.752563 1706.717896 0.000000 0.570461 0.000000 0.821325 1.000000 1.000000 1.000000
585.564636 7.752563 1930.376953 0.000000 0.570461 0.000000 0.821325 1.000000 1.000000 1.000000
870.773438 7.752563 2116.884033 0.000000 0.570461 0.000000 0.821325 1.000000 1.000000 1.000000
1082.500000 7.752563 2054.886475 0.000000 0.570461 0.000000 0.821325 1.000000 1.000000 1.000000
1710.653198 7.752563 2035.424072 0.000000 0.570461 0.000000 0.821325 1.000000 1.000000 1.000000
1400.185791 7.752563 2335.189941 0.000000 0.570461 0.000000 0.821325 1.000000 1.000000 1.000000
1336.788696 7.752563 2204.609619 0.000000 0.570461 0.000000 0.821325 1.000000 1.000000 1.000000
1686.571289 7.752563 2332.627686 0.000000 0.570461 0.000000 0.821325 1.000000 1.000000 1.000000
2224.892334 7.752563 2528.472168 0.000000 0.570461 0.000000 0.821325 1.000000 1.000000 1.000000
2397.503418 7.752563 2353.715576 0.000000 0.570461 0.000000 0.821325 1.000000 1.000000 1.000000
2243.566406 7.752563 2250.395508 0.000000 0.570461 0.000000 0.821325 1.000000 1.000000 1.000000
2076.698730 7.752563 2076.706055 0.000000 0.570461 0.000000 0.821325 1.000000 1.000000 1.000000
2207.270264 11.306763 1927.048828 0.000000 0.570461 0.000000 0.821325 1.000000 1.000000 1.000000
2187.905029 11.306763 1844.413330 0.000000 0.570461 0.000000 0.821325 1.000000 1.000000 1.000000
2251.815918 11.306763 1695.247559 0.000000 0.570461 0.000000 0.821325 1.000000 1.000000 1.000000
2447.964355 11.306763 1584.625000 0.000000 0.570461 0.000000 0.821325 1.000000 1.000000 1.000000
2395.145508 11.306763 1527.364502 0.000000 0.570461 0.000000 0.821325 1.000000 1.000000 1.000000
2748.739746 11.306763 1708.954346 0.000000 0.570461 0.000000 0.821325 1.000000 1.000000 1.000000
2935.376953 11.306763 1802.563843 0.000000 0.570461 0.000000 0.821325 1.000000 1.000000 1.000000
2827.868164 11.306763 1956.452271 0.000000 0.570461 0.000000 0.821325 1.000000 1.000000 1.000000
3252.249756 11.306763 2159.503662 0.000000 0.570461 0.000000 0.821325 1.000000 1.000000 1.000000
3505.647705 11.306763 2049.676270 0.000000 0.570461 0.000000 0.821325 1.000000 1.000000 1.000000
4118.288574 11.306763 1586.072510 0.000000 0.570461 0.000000 0.821325 1.000000 1.000000 1.000000
4210.354492 11.306763 1371.521973 0.000000 0.570461 0.000000 0.821325 1.000000 1.000000 1.000000
4061.550781 11.306763 1278.610840 0.000000 0.570461 0.000000 0.821325 1.000000 1.000000 1.000000
3907.115723 11.306763 1356.675903 0.000000 0.570461 0.000000 0.821325 1.000000 1.000000 1.000000
4164.660156 11.306763 1498.629028 0.000000 0.570461 0.000000 0.821325 1.000000 1.000000 1.000000
3707.303467 11.306763 1581.057861 0.000000 0.570461 0.000000 0.821325 1.000000 1.000000 1.000000
3709.522949 11.306763 1706.678711 0.000000 0.570461 0.000000 0.821325 1.000000 1.000000 1.000000
3401.693359 11.306763 572.187988 0.000000 0.570461 0.000000 0.821325 1.000000 1.000000 1.000000
3260.814453 11.306763 993.277466 0.000000 0.570461 0.000000 0.821325 1.000000 1.000000 1.000000
3096.470215 11.306763 1066.790405 0.000000 0.000000 0.000000 1.000000 1.000000 1.000000 1.000000
2977.527100 6.459351 1317.529297 0.000000 0.000000 0.000000 1.000000 1.000000 1.000000 1.000000
2993.781250 2.948608 1527.537354 0.000000 0.000000 0.000000 1.000000 1.000000 1.000000 1.000000
3639.747070 5.344238 1767.604004 0.000000 0.000000 0.000000 1.000000 1.000000 1.000000 1.000000
3618.457520 5.344238 1778.735107 0.000000 0.000000 0.000000 1.000000 1.000000 1.000000 1.000000
3840.685059 7.909058 1777.799683 0.000000 0.000000 0.000000 1.000000 1.000000 1.000000 1.000000
3840.965576 0.000000 1781.600342 0.000000 0.000000 0.000000 1.000000 1.000000 1.000000 1.000000
3774.761230 3.745728 1718.322510 0.000000 0.000000 0.000000 1.000000 1.000000 1.000000 1.000000
3984.161621 2.735840 1611.837646 0.000000 0.000000 0.000000 1.000000 1.000000 1.000000 1.000000
3698.100342 0.774170 1524.856812 0.000000 0.000000 0.000000 1.000000 1.000000 1.000000 1.000000
2724.733398 8.201782 1261.464844 0.000000 0.000000 0.000000 1.000000 0.660327 0.660327 0.660327
748.434387 0.000000 3225.358643 0.000000 0.000000 0.000000 1.000000 1.000000 1.000000 1.000000
736.868530 0.000000 3286.367920 0.000000 0.000000 0.000000 1.000000 1.000000 1.000000 1.000000
702.779053 0.000000 3289.472656 0.000000 0.055254 0.000000 0.998472 1.000000 1.000000 1.000000
708.148499 0.000000 3253.599365 0.000000 -0.655701 0.000000 -0.755021 1.000000 1.000000 1.000000
549.006104 0.000000 3044.233398 0.000000 0.000000 0.000000 1.000000 1.000000 1.000000 1.000000
748.096924 0.000000 2931.919678 0.000000 0.000000 0.000000 1.000000 1.000000 1.000000 1.000000
769.773132 0.000000 2810.675781 0.000000 0.000000 0.000000 1.000000 1.000000 1.000000 1.000000
"}
object={
	name="Elephant"
	clamp_to_water_level=no
	render_under_water=no
	generated_content=no
	layer="building_layer"
	entity="elephant_african_entity"
	count=270
	transform="3450.640381 0.000000 134.054672 0.000000 0.991562 0.000000 -0.129637 1.000000 1.000000 1.000000
3426.575195 0.000000 124.633987 0.000000 0.919616 0.000000 0.392819 1.000000 1.000000 1.000000
3438.386475 0.000000 139.039734 0.000000 -0.793637 0.000000 -0.608392 1.000000 1.000000 1.000000
3450.654297 0.000000 185.790161 0.000000 0.537588 -0.000000 -0.843208 1.000000 1.000000 1.000000
3425.687012 0.000000 176.253311 0.000000 -0.925797 0.000000 0.378020 1.000000 1.000000 1.000000
3437.910156 0.000000 189.994461 0.000000 -0.832446 0.000000 -0.554106 1.000000 1.000000 1.000000
3321.646729 0.000000 198.179413 0.000000 -0.877966 0.000000 -0.478723 1.000000 1.000000 1.000000
3322.737549 0.000000 172.063385 0.000000 -0.512332 0.000000 -0.858787 1.000000 1.000000 1.000000
3312.604492 0.000000 187.455902 -0.000000 0.283614 0.000000 0.958938 1.000000 1.000000 1.000000
3273.012695 0.000000 213.461548 0.000000 -0.930866 0.000000 0.365361 1.000000 1.000000 1.000000
3274.103516 0.000000 187.345520 0.000000 0.970970 0.000000 0.239203 1.000000 1.000000 1.000000
3263.970459 0.000000 202.738037 -0.000000 0.346939 0.000000 0.937888 1.000000 1.000000 1.000000
3238.710205 0.000000 192.181488 0.000000 -0.978847 0.000000 0.204592 1.000000 1.000000 1.000000
3239.801025 0.000000 166.065460 0.000000 0.680229 0.000000 -0.733000 1.000000 1.000000 1.000000
3229.667969 0.000000 181.457977 0.000000 -0.609632 0.000000 -0.792684 1.000000 1.000000 1.000000
3190.076172 0.000000 207.463623 0.000000 -0.978847 0.000000 0.204592 1.000000 1.000000 1.000000
3191.166992 0.000000 181.347595 0.000000 0.680229 0.000000 -0.733000 1.000000 1.000000 1.000000
3181.033936 0.000000 196.740112 0.000000 -0.609632 0.000000 -0.792684 1.000000 1.000000 1.000000
3138.732178 0.000000 208.812637 0.000000 -0.978847 0.000000 0.204592 1.000000 1.000000 1.000000
3139.822998 0.000000 182.696609 0.000000 0.680229 0.000000 -0.733000 1.000000 1.000000 1.000000
3129.689941 0.000000 198.089127 0.000000 -0.609632 0.000000 -0.792684 1.000000 1.000000 1.000000
3090.098145 0.000000 224.094772 0.000000 -0.978847 0.000000 0.204592 1.000000 1.000000 1.000000
3091.188965 0.000000 197.978745 0.000000 0.680229 0.000000 -0.733000 1.000000 1.000000 1.000000
3081.055908 0.000000 213.371262 0.000000 -0.609632 0.000000 -0.792684 1.000000 1.000000 1.000000
3119.159668 0.000000 289.114746 0.000000 -0.978847 0.000000 0.204592 1.000000 1.000000 1.000000
3120.250488 0.000000 262.998718 0.000000 0.680229 0.000000 -0.733000 1.000000 1.000000 1.000000
3110.117432 0.000000 278.391235 0.000000 -0.609632 0.000000 -0.792684 1.000000 1.000000 1.000000
3070.525635 0.000000 304.396881 0.000000 -0.978847 0.000000 0.204592 1.000000 1.000000 1.000000
3071.616455 0.000000 278.280853 0.000000 0.680229 0.000000 -0.733000 1.000000 1.000000 1.000000
3061.483398 0.000000 293.673370 0.000000 -0.609632 0.000000 -0.792684 1.000000 1.000000 1.000000
3048.819336 0.000000 362.218506 0.000000 -0.978847 0.000000 0.204592 1.000000 1.000000 1.000000
3049.910156 0.000000 336.102478 0.000000 0.680229 0.000000 -0.733000 1.000000 1.000000 1.000000
3039.777100 0.000000 351.494995 0.000000 -0.609632 0.000000 -0.792684 1.000000 1.000000 1.000000
3000.185303 0.000000 377.500641 0.000000 -0.978847 0.000000 0.204592 1.000000 1.000000 1.000000
3001.276123 0.000000 351.384613 0.000000 0.680229 0.000000 -0.733000 1.000000 1.000000 1.000000
2991.143066 0.000000 366.777130 0.000000 -0.609632 0.000000 -0.792684 1.000000 1.000000 1.000000
2952.560547 0.000000 383.561005 0.000000 -0.420430 -0.000000 -0.907325 1.000000 1.000000 1.000000
2953.651367 0.000000 357.444977 0.000000 0.840166 0.000000 -0.542329 1.000000 1.000000 1.000000
2943.518311 0.000000 372.837494 0.000000 0.630543 0.000000 -0.776155 1.000000 1.000000 1.000000
2861.126709 0.000000 815.994568 0.000000 -0.420430 -0.000000 -0.907325 1.000000 1.000000 1.000000
2862.217529 0.000000 789.878540 0.000000 0.840166 0.000000 -0.542329 1.000000 1.000000 1.000000
2852.084473 0.000000 805.271057 0.000000 0.630543 0.000000 -0.776155 1.000000 1.000000 1.000000
2798.293945 0.000000 777.823608 0.000000 -0.420430 -0.000000 -0.907325 1.000000 1.000000 1.000000
2799.384766 0.000000 751.707581 0.000000 0.840166 0.000000 -0.542329 1.000000 1.000000 1.000000
2789.251709 0.000000 767.100098 0.000000 0.630543 0.000000 -0.776155 1.000000 1.000000 1.000000
2712.527832 0.000000 817.254211 0.000000 -0.864196 0.000000 0.503155 1.000000 1.000000 1.000000
2713.618652 0.000000 791.138184 0.000000 -0.960071 0.000000 -0.279758 1.000000 1.000000 1.000000
2703.485596 0.000000 806.530701 0.000000 0.479022 0.000000 -0.877803 1.000000 1.000000 1.000000
2728.064941 0.000000 897.185791 0.000000 -0.864196 0.000000 0.503155 1.000000 1.000000 1.000000
2729.155762 0.000000 871.069763 0.000000 -0.960071 0.000000 -0.279758 1.000000 1.000000 1.000000
2719.022705 0.000000 886.462280 0.000000 0.479022 0.000000 -0.877803 1.000000 1.000000 1.000000
2775.727783 0.000000 911.087402 0.000000 -0.947901 0.000000 0.318564 1.000000 1.000000 1.000000
2777.827148 0.000000 927.336914 0.000000 0.876704 0.000000 0.481031 1.000000 1.000000 1.000000
2754.285645 0.000000 925.727417 0.000000 -0.999143 0.000000 -0.041401 1.000000 1.000000 1.000000
2831.997314 0.000000 976.139465 0.000000 0.000000 0.000000 1.000000 1.000000 1.000000 1.000000
2833.555176 0.000000 976.197571 0.000000 0.076768 0.000000 0.997049 1.000000 1.000000 1.000000
2830.363037 0.000000 975.178223 0.000000 -0.247167 0.000000 0.968973 1.000000 1.000000 1.000000
3047.229980 0.000000 136.767548 0.000000 -0.674157 0.000000 -0.738588 0.319549 0.319549 0.319549
3050.345215 0.000000 135.806793 0.000000 -0.999567 0.000000 0.029433 0.319549 0.319549 0.319549
3048.425781 0.000000 132.132721 0.000000 -0.803291 0.000000 -0.595587 0.319549 0.319549 0.319549
3051.320801 0.000000 132.819611 -0.000000 0.335445 0.000000 0.942060 0.319549 0.319549 0.319549
3053.029297 0.000000 132.315948 0.000000 -0.926559 0.000000 0.376150 0.750715 0.750715 0.750715
3050.879883 0.000000 130.940460 0.000000 0.863263 0.000000 0.504754 0.750715 0.750715 0.750715
3052.680176 0.000000 132.918365 0.000000 -0.971827 0.000000 -0.235697 0.563245 0.563245 0.563245
3049.642822 0.000000 136.387909 0.000000 0.574703 0.000000 -0.818362 0.563245 0.563245 0.563245
3050.712158 0.000000 138.820465 0.000000 0.017604 0.000000 0.999845 0.597065 0.597065 0.597065
3115.221436 0.000000 227.403458 0.000000 -0.674157 0.000000 -0.738588 0.319549 0.319549 0.319549
3118.336670 0.000000 226.442703 0.000000 -0.999567 0.000000 0.029433 0.319549 0.319549 0.319549
3116.417236 0.000000 222.768631 0.000000 -0.803291 0.000000 -0.595587 0.319549 0.319549 0.319549
3119.312256 0.000000 223.455521 -0.000000 0.335445 0.000000 0.942060 0.319549 0.319549 0.319549
3121.020752 0.000000 222.951859 0.000000 -0.926559 0.000000 0.376150 0.750715 0.750715 0.750715
3118.871338 0.000000 221.576370 0.000000 0.863263 0.000000 0.504754 0.750715 0.750715 0.750715
3120.671631 0.000000 223.554276 0.000000 -0.971827 0.000000 -0.235697 0.563245 0.563245 0.563245
3117.634277 0.000000 227.023819 0.000000 0.574703 0.000000 -0.818362 0.563245 0.563245 0.563245
3118.703613 0.000000 229.456375 0.000000 0.017604 0.000000 0.999845 0.597065 0.597065 0.597065
3180.058350 0.000000 291.716644 0.000000 -0.902087 0.000000 -0.431554 0.319549 0.319549 0.319549
3183.173584 0.000000 290.755890 0.000000 -0.631427 0.000000 0.775436 0.319549 0.319549 0.319549
3181.254150 0.000000 287.081818 0.000000 -0.036616 -0.000000 -0.999329 0.319549 0.319549 0.319549
3184.149170 0.000000 287.768707 0.000000 -0.400577 0.000000 -0.916263 0.319549 0.319549 0.319549
3185.857666 0.000000 287.265045 0.000000 0.999273 0.000000 0.038131 0.750715 0.750715 0.750715
3183.708252 0.000000 285.889557 0.000000 0.985632 0.000000 -0.168907 0.750715 0.750715 0.750715
3185.508545 0.000000 287.867462 0.000000 -0.690193 0.000000 -0.723625 0.563245 0.563245 0.563245
3182.471191 0.000000 291.337006 0.000000 0.724861 0.000000 0.688895 0.563245 0.563245 0.563245
3183.540527 0.000000 293.769562 0.000000 0.915284 0.000000 0.402809 0.597065 0.597065 0.597065
3204.518555 0.000000 477.361847 0.000000 -0.902087 0.000000 -0.431554 0.319549 0.319549 0.319549
3207.633789 0.000000 476.401093 0.000000 -0.631427 0.000000 0.775436 0.319549 0.319549 0.319549
3205.714355 0.000000 472.727020 0.000000 -0.036616 -0.000000 -0.999329 0.319549 0.319549 0.319549
3208.609375 0.000000 473.413910 0.000000 -0.400577 0.000000 -0.916263 0.319549 0.319549 0.319549
3210.317871 0.000000 472.910248 0.000000 0.999273 0.000000 0.038131 0.750715 0.750715 0.750715
3208.168457 0.000000 471.534760 0.000000 0.985632 0.000000 -0.168907 0.750715 0.750715 0.750715
3209.968750 0.000000 473.512665 0.000000 -0.690193 0.000000 -0.723625 0.563245 0.563245 0.563245
3206.931396 0.000000 476.982208 0.000000 0.724861 0.000000 0.688895 0.563245 0.563245 0.563245
3208.000732 0.000000 479.414764 0.000000 0.915284 0.000000 0.402809 0.597065 0.597065 0.597065
3094.440918 0.000000 491.943848 0.000000 -0.605650 0.000000 -0.795731 0.319549 0.319549 0.319549
3097.556152 0.000000 490.983093 0.000000 -0.631427 0.000000 0.775436 0.319549 0.319549 0.319549
3095.636719 0.000000 487.309021 0.000000 -0.979208 0.000000 -0.202860 0.319549 0.319549 0.319549
3098.531738 0.000000 487.995911 0.000000 -0.400577 0.000000 -0.916263 0.319549 0.319549 0.319549
3100.240234 0.000000 487.492249 0.000000 0.999273 0.000000 0.038131 0.750715 0.750715 0.750715
3098.090820 0.000000 486.116760 0.000000 0.985632 0.000000 -0.168907 0.750715 0.750715 0.750715
3099.891113 0.000000 488.094666 0.000000 -0.690193 0.000000 -0.723625 0.563245 0.563245 0.563245
3096.853760 0.000000 491.564209 0.000000 -0.995570 0.000000 -0.094025 0.563245 0.563245 0.563245
3097.923096 0.000000 493.996765 0.000000 0.915284 0.000000 0.402809 0.597065 0.597065 0.597065
3078.089600 0.000000 459.231567 0.000000 -0.902087 0.000000 -0.431554 0.319549 0.319549 0.319549
3081.204834 0.000000 458.270813 0.000000 -0.631427 0.000000 0.775436 0.319549 0.319549 0.319549
3079.285400 0.000000 454.596741 0.000000 -0.036616 -0.000000 -0.999329 0.319549 0.319549 0.319549
3082.180420 0.000000 455.283630 0.000000 -0.400577 0.000000 -0.916263 0.319549 0.319549 0.319549
3083.888916 0.000000 454.779968 0.000000 0.999273 0.000000 0.038131 0.750715 0.750715 0.750715
3081.739502 0.000000 453.404480 0.000000 0.985632 0.000000 -0.168907 0.750715 0.750715 0.750715
3083.539795 0.000000 455.382385 0.000000 -0.690193 0.000000 -0.723625 0.563245 0.563245 0.563245
3080.502441 0.000000 458.851929 0.000000 0.724861 0.000000 0.688895 0.563245 0.563245 0.563245
3081.571777 0.000000 461.284485 0.000000 0.915284 0.000000 0.402809 0.597065 0.597065 0.597065
2875.476807 0.000000 489.228027 0.000000 -0.902087 0.000000 -0.431554 0.319549 0.319549 0.319549
2878.592041 0.000000 488.267273 0.000000 -0.631427 0.000000 0.775436 0.319549 0.319549 0.319549
2876.672607 0.000000 484.593201 0.000000 -0.036616 -0.000000 -0.999329 0.319549 0.319549 0.319549
2879.567627 0.000000 485.280090 0.000000 -0.400577 0.000000 -0.916263 0.319549 0.319549 0.319549
2881.276123 0.000000 484.776428 0.000000 0.999273 0.000000 0.038131 0.750715 0.750715 0.750715
2879.126709 0.000000 483.400940 0.000000 0.985632 0.000000 -0.168907 0.750715 0.750715 0.750715
2880.927002 0.000000 485.378845 0.000000 -0.690193 0.000000 -0.723625 0.563245 0.563245 0.563245
2877.889648 0.000000 488.848389 0.000000 0.724861 0.000000 0.688895 0.563245 0.563245 0.563245
2878.958984 0.000000 491.280945 0.000000 0.915284 0.000000 0.402809 0.597065 0.597065 0.597065
2626.386963 0.000000 435.800873 0.000000 -0.902087 0.000000 -0.431554 0.319549 0.319549 0.319549
2629.502197 0.000000 434.840118 0.000000 -0.631427 0.000000 0.775436 0.319549 0.319549 0.319549
2627.582764 0.000000 431.166046 0.000000 -0.036616 -0.000000 -0.999329 0.319549 0.319549 0.319549
2630.477783 0.000000 431.852936 0.000000 -0.400577 0.000000 -0.916263 0.319549 0.319549 0.319549
2632.186279 0.000000 431.349274 0.000000 0.999273 0.000000 0.038131 0.750715 0.750715 0.750715
2630.036865 0.000000 429.973785 0.000000 0.985632 0.000000 -0.168907 0.750715 0.750715 0.750715
2631.837158 0.000000 431.951691 0.000000 -0.690193 0.000000 -0.723625 0.563245 0.563245 0.563245
2628.799805 0.000000 435.421234 0.000000 0.724861 0.000000 0.688895 0.563245 0.563245 0.563245
2629.869141 0.000000 437.853790 0.000000 0.915284 0.000000 0.402809 0.597065 0.597065 0.597065
2441.653076 0.000000 536.780396 0.000000 -0.902087 0.000000 -0.431554 0.319549 0.319549 0.319549
2444.768311 0.000000 535.819641 0.000000 -0.631427 0.000000 0.775436 0.319549 0.319549 0.319549
2442.848877 0.000000 532.145569 0.000000 -0.036616 -0.000000 -0.999329 0.319549 0.319549 0.319549
2445.743896 0.000000 532.832458 0.000000 -0.400577 0.000000 -0.916263 0.319549 0.319549 0.319549
2447.452393 0.000000 532.328796 0.000000 0.999273 0.000000 0.038131 0.750715 0.750715 0.750715
2445.302979 0.000000 530.953308 0.000000 0.985632 0.000000 -0.168907 0.750715 0.750715 0.750715
2447.103271 0.000000 532.931213 0.000000 -0.690193 0.000000 -0.723625 0.563245 0.563245 0.563245
2444.065918 0.000000 536.400757 0.000000 0.724861 0.000000 0.688895 0.563245 0.563245 0.563245
2445.135254 0.000000 538.833313 0.000000 0.915284 0.000000 0.402809 0.597065 0.597065 0.597065
2207.439453 0.000000 504.496094 0.000000 -0.902087 0.000000 -0.431554 0.319549 0.319549 0.319549
2210.554688 0.000000 503.535339 0.000000 -0.631427 0.000000 0.775436 0.319549 0.319549 0.319549
2208.635254 0.000000 499.861267 0.000000 -0.036616 -0.000000 -0.999329 0.319549 0.319549 0.319549
2211.530273 0.000000 500.548157 0.000000 -0.400577 0.000000 -0.916263 0.319549 0.319549 0.319549
2213.238770 0.000000 500.044495 0.000000 0.999273 0.000000 0.038131 0.750715 0.750715 0.750715
2211.089355 0.000000 498.669006 0.000000 0.985632 0.000000 -0.168907 0.750715 0.750715 0.750715
2212.889648 0.000000 500.646912 0.000000 -0.690193 0.000000 -0.723625 0.563245 0.563245 0.563245
2209.852295 0.000000 504.116455 0.000000 0.724861 0.000000 0.688895 0.563245 0.563245 0.563245
2210.921631 0.000000 506.549011 0.000000 0.915284 0.000000 0.402809 0.597065 0.597065 0.597065
1840.175781 0.000000 487.677765 0.000000 -0.902087 0.000000 -0.431554 0.319549 0.319549 0.319549
1843.291016 0.000000 486.717010 0.000000 -0.631427 0.000000 0.775436 0.319549 0.319549 0.319549
1841.371826 0.000000 483.042938 0.000000 -0.036616 -0.000000 -0.999329 0.319549 0.319549 0.319549
1844.266846 0.000000 483.729828 0.000000 -0.400577 0.000000 -0.916263 0.319549 0.319549 0.319549
1845.975342 0.000000 483.226166 0.000000 0.999273 0.000000 0.038131 0.750715 0.750715 0.750715
1843.825684 0.000000 481.850677 0.000000 0.985632 0.000000 -0.168907 0.750715 0.750715 0.750715
1845.626221 0.000000 483.828583 0.000000 -0.690193 0.000000 -0.723625 0.563245 0.563245 0.563245
1842.588745 0.000000 487.298126 0.000000 0.724861 0.000000 0.688895 0.563245 0.563245 0.563245
1843.658081 0.000000 489.730682 0.000000 0.915284 0.000000 0.402809 0.597065 0.597065 0.597065
1952.541870 0.000000 372.817047 0.000000 -0.499696 0.000000 -0.866201 0.319549 0.319549 0.319549
1955.657104 0.000000 371.856293 0.000000 -0.907449 0.000000 -0.420162 0.319549 0.319549 0.319549
1953.737915 0.000000 368.182220 0.000000 -0.629895 0.000000 0.776680 0.319549 0.319549 0.319549
1956.632935 0.000000 368.869110 0.000000 0.132716 0.000000 -0.991154 0.319549 0.319549 0.319549
1958.341431 0.000000 368.365448 0.000000 -0.649435 0.000000 -0.760417 0.750715 0.750715 0.750715
1956.191772 0.000000 366.989960 0.000000 0.985999 0.000000 0.166750 0.750715 0.750715 0.750715
1957.992310 0.000000 368.967865 0.000000 -0.486565 0.000000 -0.873645 0.563245 0.563245 0.563245
1954.954834 0.000000 372.437408 0.000000 -0.141718 0.000000 -0.989907 0.563245 0.563245 0.563245
1956.024170 0.000000 374.869965 0.000000 -0.943688 0.000000 0.330836 0.597065 0.597065 0.597065
1894.194336 0.000000 492.542877 0.000000 -0.499696 0.000000 -0.866201 0.319549 0.319549 0.319549
1897.309570 0.000000 491.582123 0.000000 -0.907449 0.000000 -0.420162 0.319549 0.319549 0.319549
1895.390381 0.000000 487.908051 0.000000 -0.629895 0.000000 0.776680 0.319549 0.319549 0.319549
1898.285400 0.000000 488.594940 0.000000 0.132716 0.000000 -0.991154 0.319549 0.319549 0.319549
1899.993896 0.000000 488.091278 0.000000 -0.649435 0.000000 -0.760417 0.750715 0.750715 0.750715
1897.844238 0.000000 486.715790 0.000000 0.985999 0.000000 0.166750 0.750715 0.750715 0.750715
1899.644775 0.000000 488.693695 0.000000 -0.486565 0.000000 -0.873645 0.563245 0.563245 0.563245
1896.607300 0.000000 492.163239 0.000000 -0.141718 0.000000 -0.989907 0.563245 0.563245 0.563245
1897.676636 0.000000 494.595795 0.000000 -0.943688 0.000000 0.330836 0.597065 0.597065 0.597065
1675.871338 0.000000 358.118835 0.000000 -0.195059 0.000000 -0.980791 0.319549 0.319549 0.319549
1678.986572 0.000000 357.158081 0.000000 0.705330 0.000000 0.708879 0.319549 0.319549 0.319549
1677.067383 0.000000 353.484009 0.000000 -0.807946 0.000000 -0.589257 0.319549 0.319549 0.319549
1679.962402 0.000000 354.170898 0.000000 -0.809090 0.000000 -0.587684 0.319549 0.319549 0.319549
1681.670898 0.000000 353.667236 0.000000 -0.890047 0.000000 -0.455869 0.750715 0.750715 0.750715
1679.521240 0.000000 352.291748 0.000000 -0.863729 0.000000 -0.503956 0.750715 0.750715 0.750715
1681.321777 0.000000 354.269653 0.000000 -0.751825 -0.000000 -0.659362 0.563245 0.563245 0.563245
1678.284302 0.000000 357.739197 0.000000 0.670344 0.000000 -0.742050 0.563245 0.563245 0.563245
1679.353638 0.000000 360.171753 0.000000 0.505726 0.000000 -0.862694 0.597065 0.597065 0.597065
1465.665161 0.000000 102.373123 0.000000 -0.195059 0.000000 -0.980791 0.319549 0.319549 0.319549
1468.780396 0.000000 101.412338 0.000000 0.705330 0.000000 0.708879 0.319549 0.319549 0.319549
1466.861206 0.000000 97.738297 0.000000 -0.807946 0.000000 -0.589257 0.319549 0.319549 0.319549
1469.756226 0.000000 98.425156 0.000000 -0.809090 0.000000 -0.587684 0.319549 0.319549 0.319549
1471.464722 0.000000 97.921524 0.000000 -0.890047 0.000000 -0.455869 0.750715 0.750715 0.750715
1469.315063 0.000000 96.546036 0.000000 -0.863729 0.000000 -0.503956 0.750715 0.750715 0.750715
1471.115601 0.000000 98.523941 0.000000 -0.751825 -0.000000 -0.659362 0.563245 0.563245 0.563245
1468.078125 0.000000 101.993454 0.000000 0.670344 0.000000 -0.742050 0.563245 0.563245 0.563245
1469.147461 0.000000 104.426010 0.000000 0.505726 0.000000 -0.862694 0.597065 0.597065 0.597065
1172.709961 0.000000 296.861755 0.000000 0.829824 0.000000 -0.558026 0.319549 0.319549 0.319549
1175.825195 0.000000 295.900970 0.000000 0.868672 0.000000 0.495387 0.319549 0.319549 0.319549
1173.906006 0.000000 292.226929 0.000000 -0.490467 0.000000 -0.871460 0.319549 0.319549 0.319549
1176.801025 0.000000 292.913788 0.000000 -0.073092 0.000000 -0.997325 0.319549 0.319549 0.319549
1178.509521 0.000000 292.410156 0.000000 -0.974907 0.000000 -0.222615 0.750715 0.750715 0.750715
1176.359863 0.000000 291.034668 0.000000 0.050483 0.000000 -0.998725 0.750715 0.750715 0.750715
1178.160400 0.000000 293.012573 0.000000 -0.501604 0.000000 0.865098 0.563245 0.563245 0.563245
1175.122925 0.000000 296.482086 0.000000 -0.133400 0.000000 -0.991062 0.563245 0.563245 0.563245
1176.192261 0.000000 298.914642 0.000000 0.765635 0.000000 0.643276 0.597065 0.597065 0.597065
854.423950 0.000000 410.482941 0.000000 0.681799 -0.000000 -0.731540 0.319549 0.319549 0.319549
857.539185 0.000000 409.522156 0.000000 0.873707 0.000000 0.486452 0.319549 0.319549 0.319549
855.619934 0.000000 405.848114 0.000000 -0.998374 0.000000 0.057012 0.319549 0.319549 0.319549
858.514954 0.000000 406.534973 0.000000 -0.519694 -0.000000 -0.854353 0.319549 0.319549 0.319549
860.223572 0.000000 406.031342 0.000000 0.328374 0.000000 -0.944548 0.750715 0.750715 0.750715
858.073914 0.000000 404.655853 0.000000 -0.311994 0.000000 -0.950084 0.750715 0.750715 0.750715
859.874390 0.000000 406.633759 0.000000 -0.680697 0.000000 0.732566 0.563245 0.563245 0.563245
856.836914 0.000000 410.103271 0.000000 0.113360 0.000000 0.993554 0.563245 0.563245 0.563245
857.906250 0.000000 412.535828 0.000000 0.633251 0.000000 -0.773947 0.597065 0.597065 0.597065
467.182434 0.000000 534.130310 0.000000 0.538476 0.000000 0.842641 0.319549 0.319549 0.319549
464.500580 0.000000 534.683899 0.000000 0.089939 0.000000 -0.995947 0.319549 0.319549 0.319549
465.744354 0.000000 538.666321 0.000000 0.509916 0.000000 0.860224 0.319549 0.319549 0.319549
463.078979 0.000000 538.428711 0.000000 0.977871 0.000000 0.209208 0.319549 0.319549 0.319549
460.644653 0.000000 538.947266 0.000000 -0.870984 0.000000 -0.491311 0.750715 0.750715 0.750715
463.028229 0.000000 540.783203 0.000000 -0.959850 0.000000 -0.280512 0.750715 0.750715 0.750715
462.496582 0.000000 537.360413 0.000000 -0.403161 0.000000 0.915129 0.563245 0.563245 0.563245
465.169342 0.000000 535.335022 0.000000 -0.999540 0.000000 0.030318 0.563245 0.563245 0.563245
464.980682 0.000000 531.810730 0.000000 0.566739 0.000000 -0.823897 0.597065 0.597065 0.597065
815.972961 0.000000 864.129089 0.000000 -0.984138 0.000000 -0.177405 0.319549 0.319549 0.319549
818.192749 0.000000 864.002441 0.000000 -0.984138 0.000000 -0.177405 0.319549 0.319549 0.319549
817.806152 0.000000 859.768860 0.000000 -0.984138 0.000000 -0.177405 0.319549 0.319549 0.319549
820.320251 0.000000 859.623352 0.000000 -0.984138 0.000000 -0.177405 0.319549 0.319549 0.319549
823.499634 0.000000 859.296997 0.000000 -0.984138 0.000000 -0.177405 0.750715 0.750715 0.750715
821.020203 0.000000 856.875427 0.000000 -0.984138 0.000000 -0.177405 0.750715 0.750715 0.750715
819.939575 0.000000 861.543396 0.000000 -0.984138 0.000000 -0.177405 0.563245 0.563245 0.563245
817.782410 0.000000 862.115845 0.000000 -0.984138 0.000000 -0.177405 0.563245 0.563245 0.563245
816.794800 0.000000 866.589478 0.000000 -0.984138 0.000000 -0.177405 0.597065 0.597065 0.597065
1171.934082 0.000000 818.242981 0.000000 -0.811777 0.000000 0.583967 0.319549 0.319549 0.319549
1171.734009 0.000000 816.028748 0.000000 -0.811777 0.000000 0.583967 0.319549 0.319549 0.319549
1167.516724 0.000000 816.557556 0.000000 -0.811777 0.000000 0.583967 0.319549 0.319549 0.319549
1167.286865 0.000000 814.047424 0.000000 -0.811777 0.000000 0.583967 0.319549 0.319549 0.319549
1167.049683 0.000000 811.255188 0.000000 -0.811777 0.000000 0.583967 0.750715 0.750715 0.750715
1164.711548 0.000000 813.813416 0.000000 -0.811777 0.000000 0.583967 0.750715 0.750715 0.750715
1169.328247 0.000000 814.575989 0.000000 -0.811777 0.000000 0.583967 0.563245 0.563245 0.563245
1169.973877 0.000000 816.716980 0.000000 -0.811777 0.000000 0.583967 0.563245 0.563245 0.563245
1174.490967 0.000000 817.581360 0.000000 -0.811777 0.000000 0.583967 0.597065 0.597065 0.597065
1163.790161 0.000000 1447.019897 0.000000 -0.811777 0.000000 0.583967 0.319549 0.319549 0.319549
1163.590088 0.000000 1444.805664 0.000000 -0.811777 0.000000 0.583967 0.319549 0.319549 0.319549
1159.372803 0.000000 1445.334473 0.000000 -0.811777 0.000000 0.583967 0.319549 0.319549 0.319549
1159.142944 0.000000 1442.824341 0.000000 -0.811777 0.000000 0.583967 0.319549 0.319549 0.319549
1158.905762 0.000000 1440.032104 0.000000 -0.811777 0.000000 0.583967 0.750715 0.750715 0.750715
1156.567627 0.000000 1442.590332 0.000000 -0.811777 0.000000 0.583967 0.750715 0.750715 0.750715
1161.184326 0.000000 1443.352905 0.000000 -0.811777 0.000000 0.583967 0.563245 0.563245 0.563245
1161.829956 0.000000 1445.493896 0.000000 -0.811777 0.000000 0.583967 0.563245 0.563245 0.563245
1166.347046 0.000000 1446.358276 0.000000 -0.811777 0.000000 0.583967 0.597065 0.597065 0.597065
1154.580566 0.000000 1641.101562 0.000000 -0.811777 0.000000 0.583967 0.319549 0.319549 0.319549
1154.380493 0.000000 1638.887329 0.000000 -0.811777 0.000000 0.583967 0.319549 0.319549 0.319549
1150.163208 0.000000 1639.416138 0.000000 -0.811777 0.000000 0.583967 0.319549 0.319549 0.319549
1149.933350 0.000000 1636.906006 0.000000 -0.811777 0.000000 0.583967 0.319549 0.319549 0.319549
1149.696167 0.000000 1634.113770 0.000000 -0.811777 0.000000 0.583967 0.750715 0.750715 0.750715
1147.358032 0.000000 1636.671997 0.000000 -0.811777 0.000000 0.583967 0.750715 0.750715 0.750715
1151.974731 0.000000 1637.434570 0.000000 -0.811777 0.000000 0.583967 0.563245 0.563245 0.563245
1152.620361 0.000000 1639.575562 0.000000 -0.811777 0.000000 0.583967 0.563245 0.563245 0.563245
1157.137451 0.000000 1640.439941 0.000000 -0.811777 0.000000 0.583967 0.597065 0.597065 0.597065
1493.088135 0.000000 1629.001099 0.000000 -0.811777 0.000000 0.583967 0.319549 0.319549 0.319549
1492.888062 0.000000 1626.786865 0.000000 -0.811777 0.000000 0.583967 0.319549 0.319549 0.319549
1488.670776 0.000000 1627.315674 0.000000 -0.811777 0.000000 0.583967 0.319549 0.319549 0.319549
1488.440918 0.000000 1624.805542 0.000000 -0.811777 0.000000 0.583967 0.319549 0.319549 0.319549
1488.203735 0.000000 1622.013306 0.000000 -0.811777 0.000000 0.583967 0.750715 0.750715 0.750715
1485.865601 0.000000 1624.571533 0.000000 -0.811777 0.000000 0.583967 0.750715 0.750715 0.750715
1490.482300 0.000000 1625.334106 0.000000 -0.811777 0.000000 0.583967 0.563245 0.563245 0.563245
1491.127930 0.000000 1627.475098 0.000000 -0.811777 0.000000 0.583967 0.563245 0.563245 0.563245
1495.645020 0.000000 1628.339478 0.000000 -0.811777 0.000000 0.583967 0.597065 0.597065 0.597065
1492.734741 0.000000 1437.156006 0.000000 -0.584961 0.000000 0.811061 0.319549 0.319549 0.319549
1491.042480 0.000000 1435.287842 0.000000 -0.584961 0.000000 0.811061 0.319549 0.319549 0.319549
1488.953491 0.000000 1436.795288 0.000000 -0.584961 0.000000 0.811061 0.750715 0.750715 0.750715
1493.055298 0.000000 1434.568115 0.000000 -0.584961 0.000000 0.811061 0.563245 0.563245 0.563245
1494.858032 0.000000 1435.891357 0.000000 -0.584961 0.000000 0.811061 0.563245 0.563245 0.563245
1496.176880 0.000000 1434.033203 0.000000 -0.584961 0.000000 0.811061 0.597065 0.597065 0.597065
"}
object={
	name="paris"
	clamp_to_water_level=no
	render_under_water=no
	generated_content=no
	layer="building_layer"
	pdxmesh="building_western_city_02_mesh"
	count=9
	transform="1064.947266 0.000000 2572.612793 0.000000 0.000000 0.000000 1.000000 0.654818 0.654818 0.654818
1068.059326 0.000000 2572.423584 0.000000 0.874430 0.000000 0.485152 0.895908 0.895908 0.895908
1071.339111 0.000000 2569.369141 0.000000 0.874430 0.000000 0.485152 0.895908 0.895908 0.895908
1059.430664 0.000000 2574.672607 0.000000 0.427888 0.000000 0.903832 0.895908 0.895908 0.895908
1066.005371 0.000000 2560.826904 0.000000 -0.785125 0.000000 0.619337 0.895908 0.895908 0.895908
1062.802368 0.000000 2560.301270 0.000000 -0.785125 0.000000 0.619337 0.895908 0.895908 0.895908
1059.295654 0.000000 2563.638672 0.000000 -0.890614 0.000000 -0.454760 0.895908 0.895908 0.895908
1055.573120 0.000000 2563.565918 0.000000 0.161496 0.000000 -0.986873 0.895908 0.895908 0.895908
1061.650269 0.000000 2572.415771 0.000000 0.000000 0.000000 1.000000 0.895908 0.895908 0.895908
"}
object={
	name="Paris Castle"
	clamp_to_water_level=no
	render_under_water=no
	generated_content=no
	layer="building_layer"
	pdxmesh="building_western_castle_04_mesh"
	count=1
	transform="1064.136719 0.000000 2563.156738 0.000000 0.000000 0.000000 1.000000 0.854650 0.854650 0.854650
"}
object={
	name="Polar Bear"
	clamp_to_water_level=no
	render_under_water=no
	generated_content=no
	layer="building_layer"
	entity="polar_bear_entity"
	count=3
	transform="1697.466797 0.000000 3716.052002 0.000000 0.000000 0.000000 1.000000 0.471262 0.471262 0.471262
1700.338989 0.000000 3715.458496 0.000000 0.915700 0.000000 0.401863 0.692212 0.692212 0.692212
1699.116577 0.000000 3720.407471 0.000000 0.000000 0.000000 1.000000 1.000000 1.000000 1.000000
"}
object={
	name="Venice"
	clamp_to_water_level=no
	render_under_water=no
	generated_content=no
	layer="building_layer"
	pdxmesh="building_mediterranean_city_02_mena_mesh"
	count=5
	transform="1662.944092 0.000000 2251.565674 0.000000 0.958340 0.000000 -0.285628 1.044165 1.044165 1.044165
1659.692749 0.000000 2253.113770 0.000000 0.958340 0.000000 -0.285628 1.044165 1.044165 1.044165
1666.165649 0.000000 2251.608154 0.000000 0.958340 0.000000 -0.285628 1.044165 1.044165 1.044165
1666.089478 0.000000 2255.264893 0.000000 0.999996 0.000000 -0.002690 1.000000 1.000000 1.000000
1663.605713 0.000000 2257.295410 0.000000 0.000000 0.000000 1.000000 1.000000 1.000000 1.000000
"}
